74.673556
75.670088
76.246254
77.186813
79.267990
80.930624
81.322253
81.328898
81.334707
81.344244
81.348636
81.357911
81.394166
81.397128
81.400089
81.400089
81.400089
81.400089
81.400089
81.400089
81.397970
81.400089
81.400089
81.400089
81.391681
81.400089
81.400089
81.400089
81.386317
81.400089
81.392166
81.400089
81.400089
81.400089
81.400089
81.389269
81.387105
81.388520
81.391748
81.391748
81.398124
81.400089
81.393647
81.394448
81.400089
81.400089
81.400089
81.400089
81.400089
81.400089
81.399674
81.400089
81.400089
81.400089
81.399855
81.399561
81.399234
81.398428
81.400089
81.400089
81.393953
81.400089
81.390483
81.394272
81.399144
81.396358
81.400089
81.391399
81.393728
81.397514
81.395340
81.400089
81.400089
81.400089
81.400089
81.400089
81.400089
81.399994
81.402496
81.410223
81.442545
81.462309
81.465686
81.465686
81.455299
81.460070
81.460739
81.465686
81.465686
81.463124
81.465686
81.465686
81.465328
81.465686
81.465686
81.465686
81.465686
81.461006
81.462878
81.462878
