# Ainslie Model. 20 turbs, small strip land. Iterations: 300	Individuals: 100	Wind direction: 0 deg	Random Selection: 0.500000
3.700643
3.712285
3.724664
3.738347
3.742273
3.744406
3.744812
3.736475
3.739933
3.743491
3.741672
3.738326
3.745658
3.741661
3.745727
3.744984
3.750397
3.746375
3.744482
3.751497
3.751814
3.747126
3.752824
3.747317
3.738955
3.754434
3.760417
3.762674
3.753683
3.752383
3.753116
3.755444
3.770925
3.772740
3.773985
3.777766
3.787192
3.789020
3.789327
3.788954
3.783418
3.780334
3.782968
3.783907
3.789034
3.784991
3.781932
3.788973
3.787700
3.786942
3.788487
3.786574
3.787504
3.781798
3.780138
3.778430
3.763907
3.756320
3.766483
3.761990
3.771084
3.773847
3.781018
3.788276
3.788393
3.790180
3.789131
3.787057
3.791001
3.794710
3.795766
3.794534
3.794931
3.796143
3.798846
3.797908
3.798479
3.797579
3.798188
3.797756
3.795577
3.797282
3.798394
3.799363
3.798082
3.799353
3.800000
3.799916
3.800000
3.800000
3.800000
3.798693
3.799346
3.799801
3.799672
3.799976
3.799661
3.799891
3.799672
3.799344
3.797702
3.796915
3.798976
3.797611
3.797037
3.797845
3.795571
3.793044
3.792162
3.795659
3.793979
3.790413
3.783677
3.784159
3.787549
3.786900
3.790483
3.791431
3.793096
3.794083
3.791645
3.794861
3.795791
3.798282
3.796678
3.796679
3.796521
3.798175
3.799018
3.798943
3.796479
3.798210
3.798060
3.799554
3.799074
3.798117
3.799205
3.799436
3.798854
3.798975
3.799173
3.799254
3.798229
3.799111
3.799524
3.799974
3.799985
3.800000
3.800000
3.800000
3.800000
3.800000
3.798255
3.797456
3.793898
3.794709
3.796555
3.798507
3.798051
3.797281
3.795099
3.795086
3.795059
3.795009
3.793605
3.793328
3.790486
3.788023
3.788616
3.792687
3.794080
3.793023
3.795512
3.793760
3.793818
3.795826
3.794451
3.795033
3.794363
3.793121
3.792717
3.794666
3.799069
3.799954
3.798062
3.795006
3.795657
3.795631
3.798114
3.799331
3.799309
3.798618
3.797816
3.798035
3.800000
3.800000
3.799965
3.800000
3.799326
3.799956
3.798482
3.798773
3.798789
3.797942
3.798236
3.798226
3.797848
3.796235
3.796807
3.796184
3.794846
3.794493
3.796700
3.797611
3.797611
3.797490
3.799042
3.797268
3.799078
3.799674
3.799673
3.799995
3.798365
3.797232
3.793960
3.798240
3.796250
3.794705
3.792372
3.790393
3.790989
3.793804
3.793122
3.791998
3.796321
3.795557
3.796991
3.797886
3.797276
3.795039
3.797652
3.799968
3.799923
3.799572
3.799206
3.798813
3.797309
3.799325
3.798712
3.799031
3.799031
3.798377
3.798684
3.799004
3.798973
3.797801
3.798226
3.797427
3.798732
3.798727
3.798808
3.798879
3.799833
3.798268
3.798030
3.798325
3.799057
3.799105
3.798355
3.797615
3.798930
3.798824
3.798417
3.798191
3.798514
3.798730
3.799249
3.798218
3.798034
3.798800
3.799516
3.799276
3.799579
3.799445
3.798844
3.798201
3.799061
3.796775
3.795533
3.794859
3.794481
3.791429
3.788921
3.786511
3.784480
3.784662
3.785117
3.784681
3.781559
3.777960
