# Ainslie Model. 80 turbs, 5MW. Iterations: 100	Individuals: 202	Wind direction: 0 deg	Random Selection: 0.250000
2.510900
2.545778
2.567507
2.584558
2.594175
2.600318
2.615633
2.623180
2.626111
2.646185
2.647910
2.663436
2.674851
2.674169
2.679059
2.690179
2.699633
2.702191
2.712408
2.717399
2.723226
2.730158
2.733822
2.741890
2.753115
2.753062
2.772863
2.785698
2.796322
2.801961
2.818606
2.829577
2.836815
2.848792
2.850554
2.858191
2.865782
2.875023
2.882616
2.887240
2.888946
2.893636
2.900978
2.906273
2.908081
2.910252
2.915044
2.917749
2.919954
2.920013
2.921874
2.922690
2.924772
2.925451
2.927630
2.928904
2.929421
2.930820
2.931168
2.931678
2.932739
2.933409
2.934722
2.935253
2.935925
2.935998
2.937951
2.936255
2.936877
2.937967
2.937870
2.938672
2.938526
2.937679
2.937394
2.937649
2.938042
2.940007
2.941859
2.943467
2.945923
2.948149
2.949894
2.952147
2.952568
2.954117
2.955143
2.955794
2.956279
2.959572
2.962129
2.963912
2.964910
2.965174
2.964861
2.966412
2.966608
2.967868
2.969188
2.971287
