# Jensen Model. Horns Rev. Iterations: 50	Individuals: 100	Wind direction: 0 deg	Random Selection: 0.500000
0.099354
0.099934
0.100362
0.100654
0.100537
0.101175
0.101688
0.101653
0.102016
0.102015
0.102495
0.102581
0.102955
0.103323
0.103923
0.103978
0.103728
0.103491
0.104212
0.104600
0.105161
0.105775
0.105964
0.105947
0.106115
0.106105
0.106233
0.106428
0.106631
0.106978
0.106986
0.107080
0.107135
0.107240
0.107408
0.107464
0.107687
0.107720
0.107864
0.107889
0.108049
0.108172
0.108215
0.108240
0.108406
0.108488
0.108565
0.108604
0.108687
0.108729
