78.078126
78.675285
79.147307
79.642800
79.826735
80.023350
80.167406
80.392942
80.541423
80.842174
81.018237
81.160666
81.321345
81.376442
81.416230
81.448806
81.481432
81.528657
81.584066
81.588926
81.591814
81.591814
81.591814
81.589566
81.591814
81.590716
81.591487
81.589452
81.586497
81.586966
81.590482
81.591847
81.591938
81.592335
81.592923
81.593056
81.590381
81.593056
81.593056
81.593056
81.593056
81.591900
81.593056
81.593793
81.590369
81.598217
81.624271
81.634593
81.679172
81.713951
81.731432
81.745721
81.749790
81.755392
81.764607
81.806432
81.881096
81.932393
81.982411
81.995613
81.996925
82.002874
82.005848
82.007248
82.004881
82.004661
82.008123
82.008123
82.008123
82.008123
82.008123
82.008123
82.008123
82.008123
82.008123
82.008123
82.008330
82.008640
82.010917
82.016200
82.022300
82.023335
82.023645
82.023645
82.023645
82.023645
82.023645
82.023645
82.021779
82.023645
82.023645
82.023645
82.021554
82.023645
82.023645
82.018472
82.004125
82.023645
82.023594
82.018840
