# Jensen Model. Horns Rev. Iterations: 200	Individuals: 200	Wind direction: 0 deg	Random Selection: 0.500000
0.099361
0.099993
0.100334
0.100629
0.101109
0.101293
0.101540
0.101785
0.101953
0.102012
0.102068
0.102351
0.102539
0.102528
0.102776
0.102915
0.103032
0.103139
0.103185
0.103762
0.104308
0.104940
0.105116
0.105342
0.105399
0.105604
0.105894
0.106027
0.106343
0.106154
0.106425
0.106686
0.106912
0.107209
0.107268
0.107180
0.107570
0.107883
0.108009
0.108297
0.108475
0.108667
0.108804
0.108927
0.109020
0.109132
0.109179
0.109355
0.109487
0.109659
0.109623
0.109822
0.109944
0.110039
0.110168
0.110312
0.110408
0.110411
0.110463
0.110497
0.110494
0.110538
0.110524
0.110606
0.110645
0.110692
0.110723
0.110839
0.110915
0.110930
0.110943
0.111018
0.111049
0.111075
0.111093
0.111105
0.111111
0.111128
0.111127
0.111109
0.111112
0.111113
0.111117
0.111116
0.111125
0.111122
0.111133
0.111143
0.111168
0.111180
0.111209
0.111221
0.111225
0.111250
0.111261
0.111256
0.111258
0.111270
0.111272
0.111281
0.111297
0.111287
0.111301
0.111312
0.111314
0.111331
0.111362
0.111398
0.111407
0.111411
0.111419
0.111441
0.111452
0.111462
0.111474
0.111494
0.111533
0.111557
0.111576
0.111592
0.111616
0.111628
0.111647
0.111667
0.111687
0.111684
0.111704
0.111717
0.111731
0.111741
0.111770
0.111802
0.111812
0.111825
0.111846
0.111864
0.111899
0.111925
0.111950
0.111955
0.111967
0.111985
0.112005
0.112040
0.112060
0.112073
0.112105
0.112129
0.112125
0.112132
0.112120
0.112132
0.112138
0.112139
0.112167
0.112170
0.112170
0.112172
0.112173
0.112169
0.112176
0.112192
0.112196
0.112191
0.112194
0.112193
0.112194
0.112197
0.112259
0.112271
0.112292
0.112317
0.112317
0.112317
0.112305
0.112312
0.112311
0.112339
0.112331
0.112337
0.112337
0.112373
0.112403
0.112421
0.112442
0.112476
0.112469
0.112477
0.112504
0.112522
0.112513
0.112537
0.112569
0.112577
0.112590
0.112603
0.112596
0.112607
0.112613
0.112614
