74.923853
74.113437
73.742687
74.502789
72.540075
74.421525
73.230615
75.378581
74.689587
73.732053
81.306783

81.306783
75.378581
76.242233
78.389197
76.182940
78.139838
76.307517
81.306783
75.220433
80.268934
75.458176

81.306783
81.306783
81.306783
81.306783
81.306783
81.306783
81.306783
81.306783
81.306783
81.306783
81.306783

81.306783
81.306783
81.306783
81.306783
81.306783
81.306783
81.306783
81.306783
81.306783
81.306783
81.306783

81.306783
81.306783
81.306783
81.306783
81.306783
81.306783
81.306783
81.306783
81.306783
81.306783
81.306783

