# Jensen Model. Horns Rev. Iterations: 50	Individuals: 100	Wind direction: 0 deg	Random Selection: 0.500000
0.099432
0.096385
0.095823
0.097208
0.097549
0.099248
0.099891
0.098290
0.100860
0.098973
0.102194
0.095828
0.099299
0.096906
0.100066
0.100559
0.101307
0.099537
0.098335
0.102826
0.097950
0.097627
0.099145
0.100009
0.101047
0.098938
0.102388
0.097581
0.097887
0.101665
0.102448
0.102400
0.098589
0.099903
0.097337
0.100148
0.099406
0.100165
0.100463
0.100087
0.096904
0.099027
0.098973
0.099670
0.096740
0.100098
0.098466
0.102424
0.101124
0.099084
0.098501
0.101178
0.099242
0.099404
0.098899
0.101176
0.097334
0.103120
0.100080
0.096924
0.102962
0.096412
0.098140
0.102107
0.098341
0.100784
0.101095
0.096591
0.095960
0.101913
0.099360
0.098246
0.098829
0.096953
0.099543
0.099761
0.099917
0.102452
0.101432
0.096652
0.100658
0.100750
0.098383
0.099709
0.098625
0.100089
0.095478
0.097912
0.097209
0.100574
0.099080
0.098726
0.096572
0.099369
0.101000
0.099103
0.100640
0.099277
0.101614
0.099107

0.103120
0.102962
0.102826
0.102452
0.102448
0.102424
0.102400
0.102388
0.102194
0.102107
0.101913
0.101665
0.101614
0.101432
0.101307
0.101178
0.101176
0.101124
0.101095
0.101047
0.100860
0.100784
0.100750
0.100640
0.100463
0.100148
0.100098
0.100089
0.100087
0.100009
0.099917
0.099891
0.099761
0.099537
0.099432
0.099406
0.099404
0.099360
0.099299
0.099248
0.099242
0.099145
0.099107
0.099103
0.098973
0.098973
0.098938
0.098829
0.098589
0.098501
0.098466
0.098341
0.097912
0.097887
0.097581
0.097549
0.097334
0.097208
0.096953
0.096572
0.095823
0.099373
0.099364
0.100323
0.102801
0.099600
0.102055
0.099354
0.102231
0.095788
0.099793
0.098976
0.100432
0.104126
0.098331
0.099969
0.099734
0.103538
0.098778
0.100069
0.099248
0.103144
0.096595
0.097678
0.099389
0.100930
0.100650
0.096043
0.099398
0.101381
0.101950
0.099943
0.097232
0.099484
0.098486
0.102274
0.099411
0.098927
0.098631
0.098847

0.104126
0.103538
0.103144
0.103120
0.102962
0.102826
0.102801
0.102452
0.102448
0.102424
0.102400
0.102388
0.102274
0.102231
0.102194
0.102107
0.102055
0.101950
0.101913
0.101665
0.101381
0.101307
0.101178
0.101176
0.101095
0.100784
0.100463
0.100148
0.100089
0.100087
0.100069
0.099943
0.099793
0.099600
0.099484
0.099411
0.099360
0.099354
0.099248
0.099242
0.099145
0.099107
0.098938
0.098829
0.098486
0.098341
0.098331
0.097887
0.097581
0.097549
0.097334
0.097208
0.096953
0.096572
0.101113
0.098432
0.100322
0.101280
0.102428
0.094222
0.098571
0.099775
0.103493
0.102034
0.095694
0.098586
0.100673
0.101276
0.101307
0.099756
0.098331
0.098431
0.101930
0.098695
0.099246
0.099731
0.101512
0.102057
0.099787
0.097176
0.096907
0.099041
0.102806
0.098128
0.101116
0.101913
0.100781
0.103489
0.101876
0.098902
0.099422
0.106640
0.099061
0.097991
0.098737
0.098557
0.103056
0.101018
0.101381
0.103040

0.106640
0.104126
0.103538
0.103493
0.103489
0.103144
0.103120
0.103056
0.103040
0.102962
0.102826
0.102806
0.102801
0.102452
0.102448
0.102428
0.102424
0.102400
0.102388
0.102274
0.102231
0.102194
0.102057
0.102055
0.102034
0.101913
0.101913
0.101876
0.101512
0.101381
0.101307
0.101276
0.101178
0.101176
0.101116
0.101113
0.101095
0.100322
0.100087
0.099787
0.099775
0.099731
0.099422
0.099360
0.099145
0.099107
0.099061
0.098938
0.098829
0.098737
0.098586
0.098571
0.098557
0.098486
0.098432
0.098341
0.098128
0.097887
0.097334
0.097208
0.097176
0.096953
0.096907
0.096572
0.095694
0.094222
0.104104
0.101154
0.101083
0.100872
0.102008
0.104141
0.101832
0.101923
0.101490
0.101281
0.097156
0.103724
0.103666
0.099855
0.102922
0.098856
0.099729
0.098607
0.102914
0.094643
0.098201
0.099252
0.098389
0.103812
0.103092
0.102351
0.096953
0.097267
0.100857
0.097640
0.097399
0.103837
0.103961
0.099823

0.106640
0.104141
0.104126
0.104104
0.103961
0.103837
0.103812
0.103724
0.103666
0.103538
0.103493
0.103489
0.103144
0.103120
0.103092
0.103056
0.103040
0.102962
0.102922
0.102914
0.102826
0.102801
0.102400
0.102231
0.102194
0.102057
0.102055
0.101913
0.101913
0.101832
0.101307
0.101281
0.101176
0.101116
0.100872
0.100322
0.099855
0.099787
0.099775
0.099729
0.099252
0.099061
0.098856
0.098737
0.098607
0.098486
0.098432
0.098341
0.098201
0.098128
0.097640
0.097399
0.097334
0.097267
0.097176
0.096953
0.096953
0.096907
0.096572
0.094222
0.101913
0.098969
0.101339
0.093444
0.100841
0.101411
0.101095
0.101664
0.101653
0.100516
0.100793
0.099391
0.102260
0.098341
0.098783
0.100960
0.103323
0.102385
0.098993
0.098680
0.098629
0.098060
0.098205
0.102338
0.101359
0.102755
0.101201
0.098812
0.102205
0.099946
0.095381
0.099128
0.100231
0.096225
0.099533
0.096572
0.099491
0.099119
0.102639
0.100329

0.106640
0.104141
0.104126
0.104104
0.103961
0.103837
0.103812
0.103724
0.103666
0.103538
0.103493
0.103489
0.103323
0.103144
0.103120
0.103092
0.103056
0.103040
0.102962
0.102922
0.102914
0.102801
0.102755
0.102639
0.102385
0.101913
0.101913
0.101653
0.101411
0.101281
0.101201
0.100872
0.100841
0.100793
0.100322
0.100231
0.099855
0.099787
0.099729
0.099533
0.099391
0.099128
0.098993
0.098856
0.098812
0.098783
0.098629
0.098486
0.098341
0.098128
0.097399
0.097334
0.097176
0.101299
0.099712
0.099787
0.101720
0.103091
0.101247
0.102782
0.103629
0.101025
0.104833
0.098430
0.101121
0.097334
0.098452
0.099063
0.099294
0.098732
0.101795
0.099518
0.101493
0.101898
0.100618
0.099416
0.101966
0.102984
0.101834
0.103978
0.102593
0.103621
0.097506
0.102443
0.101269
0.097385
0.099944
0.098915
0.097956
0.102047
0.097896
0.098405
0.101331
0.103531
0.101960
0.102856
0.102311
0.102200
0.101569
0.097246

0.106640
0.104833
0.104141
0.104126
0.104104
0.103978
0.103961
0.103837
0.103812
0.103724
0.103666
0.103629
0.103621
0.103538
0.103531
0.103493
0.103489
0.103323
0.103144
0.103120
0.103092
0.103056
0.103040
0.102984
0.102922
0.102914
0.102856
0.102801
0.102782
0.102755
0.102639
0.102443
0.102385
0.102047
0.101913
0.101720
0.101653
0.101569
0.101493
0.101411
0.101331
0.101299
0.101247
0.101201
0.101121
0.101025
0.100872
0.100841
0.100618
0.100231
0.099855
0.099640
0.099787
0.099729
0.099533
0.099416
0.099391
0.099294
0.098812
0.098783
0.098629
0.098452
0.098430
0.097956
0.097399
0.097385
0.097334
0.097176
0.101727
0.099727
0.101676
0.102464
0.101628
0.100032
0.099871
0.101692
0.100819
0.102337
0.100500
0.104047
0.107101
0.101788
0.102758
0.103210
0.098240
0.102359
0.101299
0.103121
0.102283
0.100945
0.102739
0.101907
0.098822
0.102714
0.099430
0.100886
0.101382
0.105210
0.100323
0.102782

0.107101
0.106640
0.105210
0.104833
0.104141
0.104126
0.104104
0.104047
0.103978
0.103961
0.103837
0.103812
0.103724
0.103666
0.103629
0.103621
0.103538
0.103531
0.103493
0.103489
0.103323
0.103210
0.103121
0.103120
0.103056
0.103040
0.102922
0.102801
0.102782
0.102782
0.102758
0.102739
0.102714
0.102639
0.102443
0.102283
0.102047
0.101913
0.101720
0.101692
0.101628
0.101411
0.101382
0.101331
0.101299
0.101299
0.101247
0.101121
0.101025
0.100886
0.100872
0.100819
0.100618
0.100500
0.100323
0.100231
0.100032
0.099871
0.099855
0.099640
0.099533
0.099430
0.099391
0.099294
0.098822
0.098783
0.098452
0.098430
0.097956
0.097399
0.097176
0.098944
0.099501
0.100071
0.100490
0.103611
0.102504
0.104047
0.103531
0.102983
0.100538
0.102038
0.098178
0.099053
0.101567
0.099714
0.101636
0.102586
0.099367
0.098507
0.100545
0.103531
0.098009
0.097316
0.100756
0.103142
0.101853
0.103723
0.102172
0.097774

0.107101
0.106640
0.105210
0.104833
0.104141
0.104126
0.104104
0.104047
0.104047
0.103978
0.103961
0.103837
0.103812
0.103724
0.103723
0.103666
0.103629
0.103621
0.103611
0.103538
0.103493
0.103142
0.103120
0.103056
0.102922
0.102758
0.102739
0.102639
0.102586
0.102504
0.102283
0.102038
0.101913
0.101720
0.101692
0.101636
0.101411
0.101382
0.101331
0.101299
0.101121
0.100886
0.100872
0.100756
0.100618
0.100323
0.100231
0.100071
0.099714
0.099640
0.099533
0.099501
0.099391
0.099294
0.099053
0.098944
0.097176
0.100873
0.105491
0.102915
0.099275
0.097369
0.102599
0.100790
0.100379
0.101791
0.100800
0.100991
0.104141
0.100272
0.102531
0.099523
0.101440
0.102264
0.100323
0.101730
0.103222
0.102618
0.097447
0.101510
0.099603
0.103540
0.106640
0.100653
0.105082
0.102404
0.106194
0.102346
0.100140
0.101913
0.101391
0.099746
0.104256
0.100588
0.101294
0.097544
0.104241
0.100313
0.101382
0.103909

0.107101
0.106640
0.106334
0.106194
0.105491
0.105210
0.105082
0.104833
0.104256
0.104241
0.104141
0.104141
0.104126
0.104104
0.104047
0.104047
0.103978
0.103961
0.103909
0.103837
0.103812
0.103723
0.103666
0.103629
0.103540
0.103538
0.103493
0.103222
0.102922
0.102915
0.102639
0.102599
0.102531
0.102264
0.102038
0.101913
0.101730
0.101720
0.101636
0.101440
0.101411
0.101382
0.101331
0.101299
0.101294
0.100991
0.100873
0.100872
0.100756
0.100618
0.100379
0.100323
0.100313
0.100140
0.099746
0.099640
0.099603
0.099523
0.099501
0.099294
0.099275
0.099053
0.098944
0.097544
0.097447
0.097176
0.102289
0.101387
0.101179
0.105272
0.097828
0.099557
0.102749
0.103572
0.098391
0.102737
0.101424
0.103754
0.103909
0.102878
0.103538
0.104310
0.098305
0.102987
0.101317
0.101398
0.097954
0.105282
0.101588
0.101136
0.101167
0.101510
0.099592
0.103148
0.101766
0.100861
0.100122
0.102442
0.095759
0.101031

0.107101
0.106640
0.106334
0.106194
0.105491
0.105282
0.105272
0.105210
0.105082
0.104833
0.104310
0.104256
0.104241
0.104141
0.104141
0.104126
0.104104
0.104047
0.104047
0.103978
0.103961
0.103909
0.103723
0.103547
0.103424
0.103572
0.103540
0.103538
0.103493
0.102987
0.102922
0.102749
0.102737
0.102599
0.102442
0.102289
0.102264
0.101766
0.101720
0.101424
0.101411
0.101398
0.101331
0.100991
0.100756
0.100313
0.100122
0.099746
0.099603
0.099592
0.099501
0.099275
0.098391
0.097828
0.097544
0.103366
0.099029
0.102676
0.104517
0.106360
0.102835
0.103700
0.101481
0.101634
0.101571
0.097494
0.104047
0.101787
0.100503
0.101904
0.102251
0.103226
0.105272
0.105272
0.104229
0.097476
0.097139
0.099504
0.100464
0.102265
0.102152
0.104034
0.100343
0.102249
0.103160
0.104436
0.106334
0.104150
0.102582
0.097828
0.101595
0.102123
0.104701
0.102020
0.098461
0.099631
0.103117
0.103538
0.100527
0.101324

0.107101
0.106640
0.106360
0.106334
0.106334
0.106194
0.105491
0.105282
0.105272
0.105272
0.105272
0.105210
0.105082
0.104833
0.104701
0.104517
0.104436
0.104310
0.104256
0.104241
0.104229
0.104150
0.104126
0.104047
0.103723
0.103700
0.103540
0.103538
0.103366
0.103160
0.102835
0.102749
0.102599
0.102582
0.102442
0.102249
0.102152
0.102020
0.101904
0.101766
0.101571
0.101424
0.101324
0.100991
0.100756
0.100527
0.100503
0.100313
0.099746
0.099603
0.099504
0.099501
0.098461
0.097828
0.097544
0.097476
0.097139
0.103521
0.104310
0.099730
0.103385
0.102944
0.100517
0.100232
0.099810
0.100667
0.101821
0.100249
0.103342
0.101141
0.097544
0.100855
0.098858
0.104030
0.104602
0.100411
0.100929
0.102599
0.105168
0.104042
0.102924
0.104543
0.100425
0.102707
0.099537
0.104625
0.104833
0.101683
0.100550
0.098680
0.105082
0.101438
0.104229
0.100001
0.106334
0.102348
0.102596
0.104156
0.101424
0.107101

0.107101
0.107101
0.106640
0.106360
0.106334
0.106334
0.106334
0.106194
0.105491
0.105282
0.105272
0.105272
0.105272
0.105210
0.105168
0.105082
0.105082
0.104833
0.104833
0.104701
0.104625
0.104310
0.104241
0.104150
0.104047
0.104042
0.103723
0.103521
0.103385
0.103366
0.103342
0.102749
0.102707
0.102599
0.102596
0.102442
0.102249
0.102152
0.101821
0.101766
0.101424
0.101324
0.101141
0.100991
0.100929
0.100855
0.100756
0.100550
0.100527
0.100425
0.100232
0.100001
0.099746
0.099537
0.099504
0.100156
0.098524
0.102416
0.101424
0.104388
0.105210
0.102299
0.100873
0.100410
0.098238
0.101680
0.103122
0.101213
0.105082
0.105082
0.105696
0.104807
0.101912
0.102279
0.101046
0.104833
0.103478
0.099370
0.103609
0.100767
0.100833
0.100275
0.098572
0.100954
0.101364
0.100016
0.101424
0.105534
0.103708
0.104486
0.103329
0.101978
0.104042
0.106213
0.102190
0.101605
0.104178
0.101714
0.106640
0.102832

0.107101
0.107101
0.106640
0.106640
0.106360
0.106334
0.106334
0.106334
0.106213
0.106194
0.105696
0.105534
0.105491
0.105282
0.105272
0.105525
0.105272
0.105210
0.105210
0.105168
0.105082
0.105082
0.105082
0.104833
0.104807
0.104701
0.104388
0.104178
0.104047
0.103521
0.103366
0.103342
0.103329
0.103122
0.102596
0.102416
0.102279
0.102249
0.101912
0.101714
0.101424
0.101364
0.101324
0.101141
0.100929
0.100873
0.100855
0.100833
0.100767
0.100756
0.100527
0.100232
0.100001
0.099504
0.099370
0.098572
0.098238
0.101912
0.101424
0.106213
0.106567
0.101494
0.104784
0.105854
0.105666
0.100490
0.107101
0.104463
0.104178
0.100969
0.101160
0.104310
0.104493
0.100370
0.104178
0.100760
0.105082
0.098931
0.099155
0.103876
0.102560
0.099401
0.107101
0.099265
0.104001
0.099692
0.106795
0.104225
0.105124
0.104178
0.103826
0.107101
0.098233
0.106334
0.101039
0.101114
0.105082
0.105181
0.101806
0.099130

0.107101
0.107101
0.107101
0.107101
0.107101
0.106795
0.106640
0.106640
0.106567
0.106360
0.106334
0.106334
0.106334
0.106334
0.106213
0.106213
0.106194
0.105854
0.105696
0.105666
0.105534
0.105272
0.105272
0.105210
0.105168
0.105082
0.105082
0.104807
0.104784
0.104463
0.104310
0.104225
0.104178
0.104178
0.104001
0.103826
0.103122
0.102416
0.102279
0.102249
0.101714
0.101424
0.101324
0.101160
0.101114
0.100969
0.100929
0.100833
0.100760
0.100527
0.100370
0.100232
0.099692
0.099265
0.099130
0.098931
0.099686
0.100449
0.101448
0.102551
0.103122
0.100017
0.106640
0.099764
0.106640
0.107101
0.103423
0.101779
0.099666
0.103102
0.103178
0.107101
0.106334
0.104407
0.104685
0.106213
0.100198
0.105082
0.106213
0.106334
0.104380
0.104833
0.106160
0.106640
0.102110
0.105525
0.107101
0.104999
0.103876
0.100744
0.104001
0.106193
0.103173
0.107101
0.105486
0.100857
0.098180
0.099702
0.106567
0.106069

0.107101
0.107101
0.107101
0.107101
0.107101
0.107101
0.107101
0.107101
0.107101
0.106795
0.106640
0.106640
0.106640
0.106640
0.106640
0.106567
0.106567
0.106360
0.106334
0.106334
0.106334
0.106334
0.106334
0.106213
0.106213
0.106194
0.106193
0.106160
0.105854
0.105696
0.105666
0.105534
0.105272
0.105168
0.105082
0.105082
0.104999
0.104807
0.104784
0.104380
0.104310
0.104178
0.103826
0.103423
0.103178
0.103122
0.103122
0.103102
0.102551
0.102249
0.100649
0.101324
0.101160
0.101114
0.100969
0.100929
0.100857
0.100833
0.100760
0.100449
0.100232
0.100017
0.099764
0.099702
0.099692
0.099686
0.099265
0.099130
0.098931
0.102558
0.103043
0.100649
0.102610
0.104456
0.107050
0.105937
0.107101
0.100024
0.106640
0.107116
0.101404
0.100550
0.105063
0.101314
0.106477
0.107101
0.101678
0.106334
0.100539
0.105843
0.106001
0.101877
0.099552
0.103352
0.103794
0.099711
0.106640
0.105082
0.097672
0.103772

0.107116
0.107101
0.107101
0.107101
0.107101
0.107101
0.107101
0.107101
0.107101
0.107101
0.107101
0.107101
0.107050
0.106795
0.106640
0.106640
0.106640
0.106640
0.106640
0.106640
0.106640
0.106567
0.106477
0.106360
0.106334
0.106334
0.106334
0.106334
0.106194
0.106001
0.105854
0.105843
0.105666
0.105534
0.105082
0.105082
0.104456
0.104310
0.103826
0.103178
0.103122
0.103043
0.102610
0.102249
0.101404
0.101324
0.101314
0.101160
0.101114
0.100969
0.100929
0.100857
0.100833
0.100760
0.100649
0.100649
0.100539
0.100449
0.100024
0.100017
0.099711
0.099702
0.099686
0.099552
0.099265
0.099130
0.097672
0.103673
0.107101
0.100320
0.106640
0.101404
0.107052
0.101718
0.102264
0.101299
0.105406
0.101214
0.102386
0.101338
0.099711
0.102372
0.101572
0.100119
0.104126
0.101389
0.106479
0.104860
0.102303
0.106360
0.102791
0.105295
0.099661
0.106334
0.106630
0.107101
0.099215
0.104456
0.100539
0.099598

0.107116
0.107101
0.107101
0.107101
0.107101
0.107101
0.107101
0.107101
0.107101
0.107101
0.107101
0.107101
0.107101
0.107101
0.107052
0.107050
0.106795
0.106640
0.106640
0.106640
0.106640
0.106640
0.106640
0.106479
0.106477
0.106334
0.106334
0.106194
0.105406
0.105295
0.104456
0.104456
0.104310
0.103826
0.103673
0.103122
0.102791
0.102610
0.102386
0.102303
0.101718
0.101404
0.101338
0.101324
0.101314
0.101299
0.101214
0.101160
0.100969
0.100929
0.100760
0.100649
0.100649
0.100539
0.100539
0.100449
0.100119
0.100024
0.099711
0.099702
0.099686
0.099598
0.099215
0.097672
0.101708
0.103506
0.106640
0.102796
0.099633
0.100068
0.100649
0.100346
0.105202
0.101266
0.106492
0.100282
0.100024
0.102110
0.099595
0.106640
0.104211
0.103132
0.107101
0.100602
0.104665
0.104456
0.102610
0.104157
0.105340
0.106715
0.102488
0.100970
0.100068
0.103430
0.100355
0.099958
0.098769
0.106042
0.106263
0.102205

0.107116
0.107101
0.107101
0.107101
0.107101
0.107101
0.107101
0.107101
0.107101
0.107101
0.107101
0.107101
0.107101
0.107101
0.107101
0.107052
0.107050
0.106795
0.106715
0.106640
0.106640
0.106640
0.106640
0.106640
0.106492
0.106477
0.106263
0.106194
0.105340
0.104665
0.104310
0.104211
0.104157
0.103826
0.103506
0.103430
0.102791
0.102610
0.102610
0.102386
0.101625
0.101314
0.101299
0.101266
0.100970
0.100760
0.100649
0.100539
0.100449
0.100346
0.100282
0.100068
0.099711
0.099702
0.099686
0.099633
0.099598
0.098769
0.107101
0.107101
0.100034
0.099702
0.107101
0.098540
0.104778
0.106572
0.099869
0.106795
0.103710
0.103430
0.107116
0.106715
0.100738
0.100309
0.107050
0.106715
0.107101
0.099810
0.107101
0.103826
0.102350
0.107080
0.106302
0.096283
0.106640
0.099711
0.100443
0.106409
0.103968
0.106797
0.105509
0.105415
0.107101
0.107050
0.102698
0.106194
0.105138
0.097839
0.107101
0.106701

0.107116
0.107116
0.107101
0.107101
0.107101
0.107101
0.107101
0.107101
0.107101
0.107101
0.107101
0.107101
0.107101
0.107101
0.107101
0.107101
0.107101
0.107101
0.107101
0.107101
0.107080
0.107050
0.106797
0.106795
0.106640
0.106640
0.106640
0.106640
0.106572
0.106492
0.106409
0.106302
0.106263
0.105340
0.105138
0.104310
0.104211
0.104157
0.103710
0.103430
0.103430
0.102698
0.102350
0.101625
0.101314
0.100970
0.100649
0.100539
0.100443
0.100346
0.100068
0.100034
0.099711
0.099702
0.099633
0.098769
0.098540
0.106746
0.105155
0.105511
0.102198
0.106640
0.107101
0.099061
0.099711
0.106640
0.106572
0.104121
0.107101
0.107101
0.102388
0.106040
0.107101
0.104581
0.104594
0.107101
0.106057
0.102365
0.100801
0.107101
0.102012
0.104310
0.106795
0.102562
0.102630
0.104790
0.105219
0.098962
0.105340
0.103334
0.106640
0.103096
0.103966
0.106520
0.105539
0.102862
0.100322
0.101953
0.104787
0.107050

0.107116
0.107116
0.107101
0.107101
0.107101
0.107101
0.107101
0.107101
0.107101
0.107101
0.107101
0.107101
0.107101
0.107101
0.107101
0.107101
0.107101
0.107101
0.107101
0.107101
0.107101
0.107101
0.107101
0.107080
0.107050
0.107050
0.106795
0.106746
0.106640
0.106640
0.106640
0.106572
0.106572
0.106520
0.106409
0.106057
0.105219
0.105155
0.105138
0.104787
0.104594
0.104581
0.104310
0.104211
0.103966
0.102630
0.102562
0.102388
0.102365
0.102350
0.102012
0.100970
0.100801
0.100443
0.100322
0.099633
0.099061
0.098962
0.098540
0.106572
0.105051
0.107101
0.101552
0.107080
0.105004
0.105219
0.100333
0.105713
0.107101
0.107101
0.105502
0.104787
0.106795
0.101226
0.104488
0.106077
0.107101
0.107080
0.106795
0.106492
0.103073
0.103096
0.107101
0.104965
0.103096
0.107101
0.106640
0.107052
0.105330
0.103409
0.101941
0.107052
0.099744
0.107101
0.107101
0.105697
0.103874
0.103966
0.106746
0.102687

0.107116
0.107116
0.107101
0.107101
0.107101
0.107101
0.107101
0.107101
0.107101
0.107101
0.106540
0.107101
0.107101
0.107101
0.107101
0.107101
0.107101
0.107101
0.107101
0.107101
0.107101
0.107101
0.107101
0.107101
0.107080
0.107052
0.107052
0.107050
0.107050
0.106795
0.106795
0.106746
0.106640
0.106640
0.106640
0.106572
0.106572
0.106409
0.105713
0.105502
0.105330
0.105219
0.105219
0.105138
0.105051
0.104787
0.104787
0.104488
0.104211
0.103966
0.103874
0.103073
0.102687
0.102365
0.102012
0.101226
0.100801
0.100333
0.099744
0.099633
0.105094
0.106640
0.106746
0.100801
0.102687
0.106540
0.106572
0.107101
0.107101
0.102249
0.104300
0.106814
0.107101
0.107052
0.107101
0.107116
0.107101
0.103557
0.107052
0.106640
0.107101
0.107101
0.107101
0.101903
0.104787
0.106477
0.106299
0.107101
0.106795
0.107101
0.106572
0.107101
0.106795
0.107101
0.102365
0.107080
0.106848
0.107101
0.102472
0.106795

0.107116
0.107480
0.107116
0.107101
0.107101
0.107101
0.107101
0.107101
0.107101
0.107101
0.107101
0.107101
0.107101
0.107101
0.107101
0.107101
0.107101
0.107101
0.107101
0.107101
0.107101
0.107101
0.107101
0.107101
0.107101
0.107101
0.107101
0.107080
0.107052
0.107050
0.107050
0.106848
0.106814
0.106795
0.106795
0.106795
0.106795
0.106746
0.106640
0.106640
0.106572
0.106572
0.106572
0.106540
0.106540
0.106477
0.105713
0.105330
0.105219
0.105051
0.104787
0.104787
0.104300
0.104211
0.103874
0.103557
0.102365
0.102249
0.100801
0.100333
0.099744
0.107101
0.102249
0.103976
0.107050
0.107041
0.107101
0.102489
0.107101
0.104856
0.104191
0.107101
0.107101
0.107101
0.106572
0.106848
0.101051
0.105373
0.104248
0.107101
0.107101
0.104846
0.106540
0.107101
0.107101
0.106795
0.106640
0.104430
0.102275
0.105389
0.104248
0.106795
0.102249
0.107101
0.105747
0.107101
0.107101
0.105128
0.107101
0.107101

0.107480
0.107116
0.107116
0.107101
0.107101
0.107101
0.107101
0.107101
0.107101
0.107101
0.107101
0.107101
0.107101
0.107101
0.107101
0.107101
0.107101
0.107101
0.107101
0.107101
0.107101
0.107101
0.107101
0.107101
0.107101
0.107101
0.107101
0.107101
0.107101
0.107101
0.107050
0.107050
0.107041
0.106848
0.106848
0.106795
0.106640
0.106572
0.106540
0.105713
0.105389
0.104856
0.104787
0.104787
0.104430
0.104248
0.104211
0.104191
0.103976
0.103874
0.103557
0.102489
0.102365
0.102275
0.102249
0.102249
0.102249
0.100333
0.105402
0.103740
0.107050
0.107101
0.107101
0.106848
0.107101
0.104793
0.107101
0.102489
0.107101
0.105936
0.107101
0.103227
0.105128
0.104430
0.107101
0.103976
0.106540
0.107101
0.103370
0.107094
0.106500
0.101090
0.107101
0.107026
0.102489
0.107101
0.106274
0.107101
0.105602
0.107480
0.107690
0.106540
0.105977
0.107101
0.106302
0.107101
0.105328
0.107050
0.107101
0.106814

0.107690
0.107480
0.107480
0.107116
0.107116
0.107101
0.107101
0.107101
0.107101
0.107101
0.107101
0.107101
0.107101
0.107101
0.107101
0.107101
0.107101
0.107101
0.107101
0.107101
0.107101
0.107101
0.107101
0.107101
0.107101
0.107101
0.107101
0.107101
0.107101
0.107101
0.107101
0.107234
0.107101
0.107094
0.107050
0.107050
0.107041
0.106848
0.106640
0.106540
0.106500
0.106274
0.105713
0.105602
0.105402
0.105389
0.105328
0.105128
0.104856
0.104793
0.104787
0.104430
0.104430
0.104248
0.104211
0.104191
0.103874
0.103740
0.103557
0.100333
0.107101
0.104787
0.107101
0.107101
0.105128
0.106274
0.107101
0.104220
0.107041
0.099866
0.107116
0.107101
0.107101
0.107101
0.106299
0.102546
0.107101
0.106266
0.101226
0.107101
0.103758
0.104310
0.102005
0.107101
0.106814
0.107101
0.105602
0.107101
0.103987
0.107206
0.107101
0.103874
0.105394
0.107101
0.107101
0.106500
0.106848
0.107101
0.106795
0.107101

0.107690
0.107480
0.107480
0.107234
0.107206
0.107116
0.107116
0.107116
0.107101
0.107101
0.107101
0.107101
0.107101
0.107101
0.107101
0.107101
0.107101
0.107101
0.107101
0.107101
0.107101
0.107101
0.107101
0.107101
0.107101
0.107101
0.107101
0.107101
0.107101
0.107101
0.107101
0.107101
0.107101
0.107101
0.107101
0.107101
0.107101
0.107101
0.107101
0.107101
0.107050
0.107050
0.107041
0.106848
0.106814
0.106540
0.106274
0.105713
0.105402
0.105394
0.105128
0.105128
0.104856
0.104787
0.104310
0.104248
0.104220
0.104211
0.103987
0.103874
0.103758
0.102546
0.102005
0.099866
0.101587
0.107050
0.102005
0.106848
0.106848
0.104856
0.107480
0.107101
0.107101
0.104979
0.107116
0.101848
0.104424
0.107234
0.103758
0.107101
0.107116
0.107105
0.104310
0.107050
0.107101
0.107101
0.107101
0.106064
0.107101
0.105815
0.102056
0.105888
0.106814
0.107101
0.099866
0.107101
0.107101
0.107290
0.104307
0.107101

0.107690
0.107480
0.107480
0.107480
0.107290
0.107234
0.107234
0.107206
0.107116
0.107116
0.107116
0.107116
0.107116
0.107105
0.107101
0.107101
0.107101
0.107101
0.107101
0.107101
0.107101
0.107101
0.107101
0.107101
0.107101
0.107101
0.107101
0.107101
0.107101
0.107101
0.107101
0.107101
0.107101
0.107101
0.107101
0.107101
0.107101
0.107101
0.107101
0.107101
0.107101
0.107050
0.107041
0.106848
0.106814
0.106814
0.106540
0.106274
0.105888
0.105815
0.105713
0.105402
0.105394
0.105128
0.104979
0.104856
0.104424
0.104310
0.104248
0.103874
0.103758
0.103758
0.102005
0.102005
0.101587
0.107783
0.106931
0.107101
0.106121
0.107101
0.107116
0.104248
0.106989
0.105128
0.103142
0.107116
0.104856
0.107101
0.101605
0.104971
0.105934
0.105932
0.105667
0.106814
0.105394
0.107101
0.105130
0.107101
0.106274
0.107101
0.106699
0.107953
0.102794
0.107101
0.104248
0.107480
0.105294
0.107101
0.107101
0.103758

0.107953
0.107783
0.107690
0.107480
0.107480
0.107480
0.107480
0.107290
0.107234
0.107234
0.107206
0.107116
0.107116
0.107116
0.107116
0.107116
0.107116
0.107116
0.107105
0.107101
0.107101
0.107101
0.107101
0.107101
0.107101
0.107101
0.107101
0.107101
0.107101
0.107101
0.107101
0.107101
0.107101
0.107101
0.107101
0.107101
0.107101
0.107101
0.107101
0.107101
0.107101
0.107101
0.107041
0.106989
0.106931
0.106814
0.106814
0.106814
0.106699
0.106540
0.106274
0.106121
0.105932
0.105402
0.105294
0.105130
0.105128
0.105128
0.104979
0.104856
0.104856
0.104248
0.104248
0.104248
0.103758
0.103142
0.102794
0.102005
0.101605
0.106621
0.107116
0.107101
0.107438
0.107480
0.104824
0.107101
0.107480
0.105518
0.105000
0.104489
0.107101
0.106699
0.104690
0.107135
0.105128
0.107101
0.107101
0.107480
0.104248
0.107480
0.106031
0.107101
0.107327
0.106770
0.107101
0.105402
0.107101
0.104856
0.107290
0.107116

0.107953
0.107783
0.107690
0.107480
0.107480
0.107480
0.107922
0.107480
0.107480
0.107480
0.107480
0.107438
0.107327
0.107290
0.107290
0.107234
0.107234
0.107206
0.107135
0.107116
0.107116
0.107116
0.107116
0.107105
0.107101
0.107101
0.107101
0.107101
0.107101
0.107101
0.107101
0.107101
0.107101
0.107101
0.107101
0.107101
0.107101
0.107101
0.107101
0.107101
0.107041
0.106931
0.106814
0.106699
0.106699
0.106621
0.106031
0.105932
0.105294
0.105130
0.105128
0.105000
0.104979
0.104856
0.104856
0.104824
0.104690
0.104489
0.104248
0.103142
0.102794
0.107116
0.107101
0.105932
0.107290
0.107101
0.107234
0.105451
0.104248
0.107116
0.107327
0.105932
0.105000
0.107234
0.107419
0.107922
0.106739
0.107101
0.107101
0.107116
0.107199
0.107290
0.107480
0.102534
0.103977
0.107374
0.107101
0.107290
0.107234
0.107101
0.106031
0.107953
0.107480
0.107116
0.107953
0.104979
0.105130
0.106129
0.107953
0.107101

0.107953
0.107953
0.107953
0.107953
0.107922
0.107922
0.107783
0.107690
0.107480
0.107480
0.107480
0.107480
0.107480
0.107480
0.107480
0.107480
0.107480
0.107093
0.107419
0.107374
0.107327
0.107290
0.107290
0.107234
0.107234
0.107234
0.107010
0.107206
0.107116
0.107116
0.107116
0.107116
0.107116
0.107116
0.107105
0.107101
0.107101
0.107101
0.107101
0.107101
0.107101
0.107101
0.107101
0.107101
0.107101
0.107101
0.107101
0.107101
0.106931
0.106814
0.106699
0.106129
0.105932
0.105932
0.105294
0.105130
0.105311
0.104979
0.103623
0.104489
0.104248
0.102794
0.106996
0.105932
0.107480
0.107224
0.107374
0.107690
0.107480
0.104415
0.107101
0.107101
0.107116
0.107116
0.107234
0.107480
0.107783
0.107327
0.107101
0.107480
0.107438
0.107922
0.107101
0.107101
0.107419
0.105128
0.107480
0.107101
0.107377
0.107101
0.107480
0.107953
0.107480
0.107101
0.105590
0.107953
0.107101
0.107419
0.107480
0.107116

0.107953
0.107953
0.107385
0.107953
0.107953
0.107953
0.107922
0.107922
0.107922
0.107783
0.107783
0.107690
0.107690
0.107480
0.107480
0.107480
0.107480
0.107480
0.107480
0.107480
0.107480
0.107480
0.107480
0.107480
0.107419
0.107374
0.107290
0.107234
0.107116
0.107116
0.107116
0.107116
0.107116
0.107116
0.107101
0.107101
0.107101
0.107101
0.107101
0.107101
0.107101
0.107101
0.107101
0.107101
0.107101
0.107101
0.107101
0.106996
0.106931
0.106814
0.106699
0.106129
0.105932
0.105932
0.105590
0.105294
0.105130
0.104489
0.103623
0.102794
0.107783
0.107922
0.106832
0.106814
0.106248
0.107101
0.104489
0.107101
0.107480
0.106814
0.106445
0.107101
0.107480
0.106825
0.107365
0.104746
0.107234
0.107377
0.107480
0.107461
0.105772
0.107365
0.107484
0.105159
0.106546
0.107101
0.107290
0.106234
0.107101
0.107480
0.107101
0.106686
0.107385
0.107480
0.107101
0.107101
0.107919
0.107424
0.106803
0.107116

0.107953
0.107953
0.107953
0.107953
0.107953
0.107922
0.107922
0.107922
0.107922
0.107919
0.107783
0.107783
0.107783
0.107690
0.107690
0.107484
0.107480
0.107480
0.107480
0.107480
0.107480
0.107480
0.107480
0.107480
0.107424
0.107419
0.107385
0.107377
0.107374
0.107365
0.107290
0.107290
0.107234
0.107101
0.107101
0.107101
0.107101
0.107101
0.107101
0.107101
0.107101
0.107101
0.107101
0.107101
0.106996
0.106832
0.106814
0.106234
0.106129
0.105772
0.105590
0.105159
0.104489
0.104489
0.103623
0.107922
0.107953
0.104656
0.108073
0.107342
0.107116
0.107101
0.106832
0.106996
0.107680
0.106658
0.107025
0.107342
0.107234
0.108073
0.107953
0.107101
0.107690
0.107224
0.105590
0.106642
0.107101
0.106814
0.107424
0.107101
0.107480
0.105846
0.106996
0.104489
0.107101
0.107424
0.104594
0.106814
0.107690
0.107290
0.106967
0.107365
0.107783
0.107377
0.103793
0.108073
0.107551
0.107480
0.107953
0.107480

0.108073
0.108073
0.108073
0.107402
0.107953
0.107953
0.107953
0.107953
0.107953
0.107953
0.107953
0.107922
0.107922
0.107922
0.107922
0.107922
0.107919
0.107783
0.107783
0.107783
0.107690
0.107690
0.107690
0.107680
0.107480
0.107480
0.107480
0.107480
0.107480
0.107480
0.107480
0.107480
0.107424
0.107424
0.107419
0.107385
0.107377
0.107342
0.107290
0.107290
0.107290
0.107335
0.107101
0.107101
0.107101
0.107101
0.107101
0.107101
0.107101
0.107101
0.107101
0.107101
0.106996
0.106996
0.106996
0.106832
0.106814
0.106658
0.106129
0.105590
0.105159
0.104594
0.104489
0.104489
0.103793
0.103623
0.107109
0.107365
0.107783
0.106121
0.107922
0.107101
0.105932
0.107290
0.107783
0.107480
0.107290
0.107919
0.107377
0.105160
0.106658
0.106658
0.107101
0.105932
0.107825
0.107690
0.106651
0.107419
0.107116
0.107365
0.107116
0.107480
0.107101
0.105895
0.106584
0.107101
0.107480
0.107419
0.107687
0.107101

0.108073
0.108073
0.108073
0.107953
0.107953
0.107953
0.107953
0.107953
0.107953
0.107953
0.107922
0.107922
0.107922
0.107922
0.107922
0.107922
0.107919
0.107919
0.107825
0.107783
0.107783
0.107783
0.107783
0.107690
0.107690
0.107687
0.107680
0.107480
0.107480
0.107480
0.107480
0.107424
0.107419
0.107402
0.107377
0.107377
0.107290
0.107290
0.107116
0.107101
0.107101
0.107101
0.107101
0.107101
0.107101
0.107101
0.107101
0.106996
0.106996
0.106832
0.106814
0.106658
0.106658
0.106651
0.106584
0.106129
0.105932
0.105932
0.105895
0.105590
0.105159
0.104489
0.103793
0.103623
0.107953
0.107101
0.107135
0.107224
0.107101
0.107480
0.107783
0.107690
0.107953
0.107783
0.108073
0.107783
0.107419
0.106391
0.107003
0.107922
0.107484
0.107233
0.107101
0.106584
0.107419
0.108073
0.107690
0.107813
0.107101
0.107690
0.107953
0.105209
0.106580
0.107101
0.107680
0.107223
0.107922
0.107953
0.106221
0.107101

0.108073
0.108073
0.108073
0.108073
0.108073
0.107953
0.107953
0.107953
0.107953
0.107953
0.107953
0.107953
0.107953
0.107953
0.107953
0.107953
0.107922
0.107922
0.107922
0.107922
0.107922
0.107922
0.107922
0.107919
0.107825
0.107813
0.107783
0.107783
0.107783
0.107575
0.107690
0.107690
0.107680
0.107480
0.107480
0.107480
0.107480
0.107424
0.107402
0.107223
0.107135
0.107101
0.107101
0.107101
0.107101
0.107101
0.107101
0.107101
0.107003
0.106832
0.106814
0.106658
0.106580
0.106391
0.106221
0.105932
0.105209
0.105159
0.104489
0.107953
0.107919
0.106580
0.107953
0.107136
0.106692
0.107723
0.107101
0.107424
0.104489
0.107680
0.107953
0.107783
0.107101
0.108499
0.107901
0.108073
0.107783
0.107865
0.106832
0.107922
0.107224
0.108073
0.107480
0.107783
0.106658
0.107919
0.107813
0.105733
0.106391
0.107783
0.107480
0.107480
0.107101
0.107101
0.107101
0.108118
0.107690
0.107101
0.107953
0.107462

0.108499
0.108118
0.108073
0.108073
0.108073
0.108073
0.108073
0.108073
0.108073
0.107953
0.107953
0.107953
0.107953
0.107953
0.107953
0.107953
0.107953
0.107953
0.107953
0.107953
0.107953
0.107953
0.107922
0.107922
0.107922
0.107922
0.107922
0.107919
0.107919
0.107901
0.107865
0.107825
0.107813
0.107813
0.107783
0.107783
0.107783
0.107783
0.107690
0.107680
0.107575
0.107480
0.107480
0.107424
0.107424
0.107402
0.107224
0.107136
0.107135
0.107101
0.107101
0.107101
0.107101
0.107101
0.107101
0.107003
0.106832
0.106832
0.106814
0.106692
0.106658
0.106658
0.106580
0.106580
0.106391
0.105209
0.104489
0.106658
0.108088
0.107480
0.107690
0.105324
0.107480
0.107953
0.106692
0.107922
0.107953
0.107953
0.107953
0.107953
0.107687
0.107690
0.107224
0.108073
0.106843
0.107342
0.107424
0.107365
0.107424
0.107480
0.106658
0.107101
0.106389
0.107101
0.107953
0.107690
0.106156
0.106654
0.107783
0.107953

0.108499
0.108118
0.108088
0.108073
0.108073
0.108073
0.108073
0.108073
0.108073
0.108073
0.108073
0.107953
0.107953
0.107953
0.107953
0.107953
0.107953
0.107953
0.107953
0.107953
0.107953
0.107953
0.107953
0.107953
0.107953
0.107953
0.107953
0.107953
0.107922
0.107922
0.107919
0.107825
0.107813
0.107783
0.107783
0.107480
0.107480
0.107480
0.107480
0.107424
0.107424
0.107424
0.107365
0.107342
0.107136
0.107101
0.107101
0.107101
0.106692
0.106592
0.106580
0.106580
0.105324
0.104489
0.108073
0.107953
0.107377
0.106692
0.107825
0.108073
0.108507
0.107919
0.107690
0.107953
0.108118
0.107953
0.107688
0.107953
0.107480
0.107953
0.107783
0.107101
0.107783
0.107690
0.108226
0.107953
0.107953
0.107813
0.107919
0.108226
0.107783
0.107424
0.107690
0.107953
0.107101
0.107953
0.107424
0.108088
0.108019
0.108073
0.107953
0.107365
0.107953
0.107813
0.107365
0.107919
0.107101
0.108073
0.107305
0.107690

0.108507
0.108499
0.108226
0.108226
0.108118
0.108118
0.108088
0.108088
0.108073
0.108073
0.108073
0.108073
0.108073
0.108073
0.108073
0.108073
0.108073
0.108073
0.108073
0.108073
0.107953
0.107953
0.107953
0.107953
0.107953
0.107953
0.107953
0.107953
0.107953
0.107953
0.107953
0.107953
0.107953
0.107953
0.107953
0.107922
0.108180
0.107825
0.107813
0.107783
0.107783
0.107690
0.107690
0.107690
0.107690
0.107480
0.107480
0.107480
0.107424
0.107424
0.107365
0.107342
0.107305
0.107101
0.107101
0.107101
0.107101
0.106692
0.105324
0.104489
0.108499
0.107480
0.108118
0.107783
0.107690
0.108019
0.107825
0.107101
0.108118
0.107305
0.107953
0.108073
0.107783
0.108402
0.107937
0.107514
0.107480
0.107953
0.107602
0.107723
0.107953
0.107424
0.107349
0.107953
0.104489
0.107480
0.107377
0.107680
0.107075
0.107953
0.107419
0.108073
0.108180
0.107680
0.107953
0.107690
0.108073
0.108073
0.107342
0.108088

0.108507
0.108499
0.108499
0.108402
0.108226
0.108226
0.108180
0.108180
0.108118
0.108118
0.108118
0.108118
0.108088
0.108088
0.108088
0.108073
0.108073
0.108073
0.108073
0.108073
0.108073
0.108073
0.108073
0.108073
0.108019
0.107953
0.107953
0.107953
0.107953
0.107953
0.107953
0.107953
0.107937
0.107922
0.107825
0.107783
0.107783
0.107690
0.107680
0.107514
0.107480
0.107480
0.107480
0.107480
0.107424
0.107342
0.107305
0.107101
0.107101
0.107101
0.104489
0.108402
0.107953
0.108073
0.107377
0.107783
0.108073
0.108088
0.108180
0.108499
0.107783
0.107480
0.107690
0.108106
0.108056
0.108073
0.107342
0.108073
0.107953
0.108088
0.108402
0.108226
0.108499
0.108056
0.108019
0.107511
0.108073
0.108073
0.105707
0.107101
0.108088
0.108073
0.108019
0.107305
0.108073
0.108226
0.108468
0.107922
0.107690
0.107589
0.107342
0.107953
0.108073
0.107377
0.107922
0.108118
0.107783
0.107377
0.108073
0.108499

0.108507
0.108499
0.108499
0.108499
0.108499
0.108499
0.108468
0.107679
0.108402
0.108402
0.108226
0.108226
0.108226
0.108226
0.108180
0.108180
0.108180
0.108118
0.108118
0.108118
0.108118
0.108118
0.108106
0.108088
0.108088
0.108088
0.108088
0.108088
0.108073
0.108073
0.108073
0.108073
0.108073
0.108073
0.108073
0.108073
0.108073
0.108073
0.108073
0.108073
0.108056
0.108019
0.108019
0.108019
0.107953
0.107922
0.107922
0.107825
0.107690
0.107690
0.107589
0.107514
0.107511
0.107480
0.107480
0.107480
0.107424
0.107377
0.107377
0.107342
0.107342
0.107305
0.107101
0.107101
0.104489
0.107349
0.107424
0.108499
0.108088
0.107868
0.108402
0.106255
0.107101
0.107902
0.107922
0.107783
0.108106
0.108499
0.107783
0.107342
0.108761
0.107427
0.108180
0.107224
0.107692
0.108056
0.108073
0.108226
0.108088
0.107807
0.107070
0.107922
0.108118
0.107953
0.107484
0.108019
0.108073
0.108226
0.108127
0.107645

0.108761
0.108507
0.108499
0.108499
0.108499
0.108499
0.108499
0.108499
0.108499
0.108468
0.108402
0.108402
0.108402
0.108226
0.108226
0.108226
0.108226
0.108226
0.108226
0.108180
0.108180
0.108180
0.108118
0.108118
0.108118
0.108118
0.108118
0.108088
0.108088
0.108088
0.108088
0.108073
0.108073
0.108073
0.108073
0.108073
0.108073
0.108073
0.107978
0.108056
0.108019
0.107953
0.107922
0.107902
0.107868
0.107825
0.107807
0.107783
0.107679
0.107645
0.107514
0.107511
0.107484
0.107480
0.107480
0.107424
0.107424
0.107377
0.107349
0.107224
0.108226
0.108499
0.108702
0.108402
0.107511
0.108088
0.108192
0.108106
0.108226
0.108499
0.107517
0.108056
0.108702
0.108499
0.107517
0.107480
0.107484
0.108073
0.108142
0.108073
0.108056
0.107645
0.108118
0.107825
0.108226
0.108180
0.108768
0.108118
0.107868
0.108226
0.107680
0.107783
0.107783
0.108118
0.107480
0.107825
0.107980
0.108118
0.108402
0.108226

0.108768
0.108761
0.108702
0.108702
0.108507
0.108499
0.108499
0.108499
0.108499
0.108499
0.108499
0.108499
0.108499
0.108499
0.108499
0.108468
0.108402
0.108402
0.108402
0.108402
0.108226
0.108226
0.108226
0.108226
0.108226
0.108226
0.108226
0.108226
0.108192
0.108180
0.108180
0.108180
0.108118
0.108118
0.108118
0.108118
0.108118
0.108118
0.108118
0.108118
0.108106
0.108088
0.108088
0.108073
0.108073
0.108073
0.108073
0.108073
0.108056
0.108056
0.107902
0.107825
0.107783
0.107783
0.107783
0.107680
0.107679
0.107517
0.107517
0.107511
0.107480
0.107377
0.107349
0.108402
0.107825
0.107680
0.108587
0.108507
0.107480
0.108226
0.108192
0.107783
0.108402
0.108073
0.108088
0.108702
0.108507
0.107836
0.108402
0.107783
0.108402
0.108073
0.108402
0.108499
0.108073
0.108560
0.108073
0.108499
0.107783
0.108702
0.108499
0.108507
0.107922
0.108671
0.107645
0.108402
0.108088
0.107377
0.108226
0.108430

0.108768
0.108761
0.108702
0.108702
0.108702
0.108702
0.108671
0.108587
0.108560
0.108507
0.108507
0.108507
0.108507
0.108499
0.108499
0.108499
0.108499
0.108499
0.108499
0.108499
0.108499
0.108499
0.108499
0.108402
0.108402
0.108402
0.108402
0.108226
0.108226
0.108226
0.108226
0.108226
0.108226
0.108226
0.108192
0.108180
0.108118
0.108118
0.108118
0.108118
0.108118
0.108088
0.108073
0.108073
0.108073
0.108073
0.108073
0.108073
0.107825
0.107825
0.107783
0.107783
0.107783
0.107679
0.107645
0.106969
0.107517
0.107480
0.107377
0.107427
0.108821
0.108073
0.108560
0.108702
0.108430
0.107783
0.108242
0.107116
0.108268
0.107783
0.108073
0.108402
0.108118
0.108073
0.108761
0.108073
0.107783
0.108073
0.108118
0.108402
0.108499
0.108056
0.107557
0.108226
0.108180
0.108499
0.108527
0.108499
0.108844
0.108402
0.107922
0.108402
0.107815
0.108073
0.107825
0.107807
0.108402
0.108768
0.108507
0.108118

0.108844
0.108821
0.108768
0.108768
0.108761
0.108761
0.108702
0.108702
0.108702
0.108702
0.108702
0.108671
0.108587
0.108560
0.108560
0.108527
0.108507
0.108507
0.108507
0.108507
0.108499
0.108499
0.108499
0.108499
0.108499
0.108499
0.108499
0.108499
0.108499
0.108430
0.108402
0.108402
0.108402
0.108268
0.108226
0.108226
0.108226
0.108226
0.108180
0.108118
0.108118
0.108118
0.108118
0.108118
0.108118
0.108118
0.108088
0.108073
0.108073
0.108073
0.108073
0.108073
0.108073
0.108073
0.108056
0.107825
0.107825
0.107783
0.107783
0.107783
0.107783
0.107679
0.107480
0.107427
0.107377
0.107116
0.107433
0.108499
0.108073
0.107480
0.108499
0.108430
0.108430
0.108560
0.108499
0.108402
0.108226
0.108073
0.108507
0.108118
0.108073
0.108499
0.107783
0.108430
0.108088
0.108118
0.107808
0.108402
0.108118
0.108226
0.107783
0.108118
0.108499
0.108088
0.108671
0.107778
0.108821
0.108226
0.107147
0.108118

0.108844
0.108821
0.108821
0.108768
0.108768
0.108761
0.108761
0.108702
0.108702
0.108702
0.108702
0.108702
0.108671
0.108671
0.108587
0.108560
0.108560
0.108560
0.108527
0.108507
0.108507
0.108507
0.108507
0.108499
0.108499
0.108499
0.108499
0.108430
0.108430
0.108430
0.108430
0.108402
0.108402
0.108402
0.108226
0.108226
0.108226
0.108226
0.108118
0.108118
0.108118
0.108118
0.108088
0.108088
0.108073
0.108073
0.107808
0.107783
0.107783
0.107778
0.107679
0.107480
0.107427
0.107147
0.108560
0.108527
0.108507
0.108499
0.108761
0.108761
0.108761
0.108394
0.108844
0.108430
0.108430
0.109169
0.108635
0.108268
0.108430
0.108073
0.108402
0.108671
0.108226
0.108844
0.108118
0.108702
0.109082
0.108507
0.108499
0.108068
0.108671
0.108499
0.108507
0.108724
0.108402
0.108507
0.108226
0.108118
0.108430
0.108073
0.108671
0.108499
0.108507
0.108430
0.108073
0.108226
0.108099
0.108226
0.108560
0.108226

0.109169
0.109082
0.108844
0.108844
0.108844
0.108821
0.108821
0.108768
0.108768
0.108761
0.108761
0.108761
0.108761
0.108761
0.108724
0.108702
0.108695
0.108702
0.108761
0.108702
0.108671
0.108671
0.108635
0.108587
0.108507
0.108507
0.108507
0.108507
0.108507
0.108499
0.108499
0.108499
0.108430
0.108430
0.108430
0.108430
0.108430
0.108430
0.108430
0.108402
0.108402
0.108402
0.108226
0.108226
0.108226
0.108226
0.108118
0.108118
0.108088
0.108073
0.108073
0.107783
0.107778
0.107679
0.107480
0.107427
0.108761
0.107783
0.108499
0.108507
0.108049
0.108507
0.108702
0.108430
0.108837
0.108821
0.108073
0.108430
0.109044
0.109169
0.108118
0.108702
0.108056
0.109094
0.108702
0.108560
0.108036
0.108402
0.108118
0.108507
0.108499
0.108761
0.108127
0.108768
0.108010
0.108761
0.108118
0.108402
0.108402
0.108402
0.108192
0.108499
0.108507
0.108671
0.109094
0.108226
0.108430
0.108761
0.108761
0.109111

0.109169
0.109169
0.109111
0.109094
0.109094
0.109082
0.109044
0.108844
0.108844
0.108844
0.108837
0.108821
0.108821
0.108821
0.108768
0.108768
0.108768
0.108761
0.108761
0.108761
0.108761
0.108761
0.108761
0.108761
0.108724
0.108702
0.108702
0.108671
0.108671
0.108635
0.108587
0.108560
0.108507
0.108507
0.108507
0.108507
0.108507
0.108507
0.108499
0.108499
0.108499
0.108430
0.108430
0.108430
0.108430
0.108430
0.108402
0.108402
0.108402
0.108402
0.108226
0.108226
0.108226
0.108192
0.108127
0.108118
0.108118
0.108118
0.108118
0.108049
0.108036
0.107427
0.108118
0.108821
0.108507
0.108768
0.108430
0.108761
0.108761
0.108560
0.109150
0.108768
0.109082
0.108226
0.109094
0.107997
0.108761
0.108768
0.108821
0.107993
0.108499
0.108499
0.108430
0.108118
0.108056
0.108430
0.108587
0.108036
0.108837
0.108844
0.107838
0.108761
0.108507
0.108837
0.108821
0.108402
0.108226
0.109082
0.107812
0.108768

0.109169
0.109169
0.109150
0.109111
0.109094
0.109094
0.109094
0.109082
0.109082
0.109082
0.109044
0.108844
0.108844
0.108844
0.108844
0.108837
0.108837
0.108837
0.108821
0.108821
0.108821
0.108821
0.108768
0.108768
0.108768
0.108761
0.108761
0.108761
0.108761
0.108761
0.108761
0.108702
0.108702
0.108671
0.108635
0.108587
0.108560
0.108560
0.108507
0.108507
0.108507
0.108499
0.108430
0.108430
0.108430
0.108430
0.108402
0.108402
0.108226
0.108226
0.108226
0.108192
0.108118
0.108118
0.108118
0.108118
0.108049
0.108036
0.108036
0.107838
0.107812
0.107427
0.108507
0.109094
0.109258
0.108036
0.109094
0.108756
0.108499
0.108821
0.108507
0.108402
0.108430
0.108635
0.108837
0.108761
0.109407
0.108118
0.108761
0.108118
0.108761
0.108837
0.108430
0.106757
0.108761
0.108821
0.108124
0.109407
0.108844
0.108837
0.108761
0.108635
0.109169
0.108507
0.108226
0.108430
0.108118
0.108226
0.108844
0.108113

0.109407
0.109407
0.109258
0.109169
0.109169
0.109169
0.109150
0.109111
0.109094
0.109094
0.109094
0.109094
0.109094
0.109082
0.109082
0.109082
0.109044
0.108844
0.108844
0.108844
0.108844
0.108837
0.108837
0.108837
0.108821
0.108768
0.108761
0.108761
0.108761
0.108761
0.108761
0.108761
0.108761
0.108761
0.108761
0.108756
0.108702
0.108671
0.108635
0.108635
0.108635
0.108587
0.108560
0.108507
0.108507
0.108507
0.108499
0.108499
0.108430
0.108430
0.108430
0.108402
0.108226
0.108226
0.108226
0.108192
0.108118
0.108118
0.108118
0.108118
0.108113
0.108049
0.107812
0.107427
0.108761
0.108768
0.108226
0.108560
0.108761
0.109169
0.107783
0.108507
0.108118
0.108635
0.108844
0.109094
0.109407
0.109044
0.108838
0.108844
0.108652
0.108768
0.108837
0.109082
0.109094
0.108226
0.108761
0.108226
0.108761
0.107812
0.108226
0.109082
0.108821
0.108844
0.108635
0.108821
0.109111
0.108695
0.108118
0.108761

0.109407
0.109407
0.109407
0.109258
0.109169
0.109169
0.109169
0.109169
0.109150
0.109111
0.109111
0.109094
0.109094
0.109094
0.109094
0.109094
0.109094
0.109094
0.109082
0.109082
0.109044
0.108844
0.108844
0.108844
0.108838
0.108837
0.108837
0.108837
0.108821
0.108761
0.108761
0.108761
0.108761
0.108761
0.108761
0.108761
0.108756
0.108695
0.108635
0.108635
0.108587
0.108560
0.108507
0.108430
0.108430
0.108226
0.108118
0.108118
0.108118
0.108118
0.108049
0.107812
0.107812
0.107783
0.109238
0.108226
0.108118
0.107073
0.109169
0.108702
0.108837
0.108761
0.108118
0.108844
0.109082
0.108118
0.107783
0.107783
0.108821
0.109111
0.108959
0.109258
0.108635
0.109094
0.109094
0.108560
0.108768
0.109094
0.108468
0.107517
0.108587
0.108430
0.109150
0.109094
0.108527
0.109407
0.109169
0.108837
0.108118
0.108118
0.108118
0.108430
0.108837
0.108761
0.109082
0.109169
0.109150
0.108838
0.108838
0.109169

