# Jensen Model. 20 turbs, small strip land. Iterations: 30	Individuals: 100	Wind direction: 0 deg	Random Selection: 0.500000
3.579474
3.547828
3.611251
3.743508
3.780649
3.688485
3.800000
3.501724
3.694023
3.765065
3.550284
3.611025
3.551528
3.754221
3.736880
3.580775
3.789303
3.543264
3.768261
3.648741
3.774459
3.619213
3.700789
3.684688
3.528076
3.471683
3.553833
3.660548
3.730703
3.520153
3.568857
3.623106
3.511579
3.786789
3.631257
3.658039
3.524828
3.383629
3.624091
3.472143
3.742446
3.751796
3.800000
3.678107
3.439591
3.457048
3.681681
3.629994
3.555167
3.760329
3.727803
3.697404
3.599473
3.468289
3.792414
3.604634
3.486278
3.606123
3.681871
3.617216
3.770104
3.679705
3.358374
3.714813
3.443686
3.532884
3.546046
3.506163
3.679138
3.617915
3.320865
3.700655
3.493767
3.707529
3.711190
3.679275
3.574851
3.763182
3.627267
3.700017
3.756712
3.528403
3.776240
3.574296
3.574559
3.795162
3.729423
3.495216
3.582397
3.662425
3.576877
3.715422
3.658257
3.472076
3.610322
3.761247
3.527811
3.715190
3.626687
3.580624

3.800000
3.800000
3.795162
3.792414
3.789303
3.786789
3.780649
3.776240
3.774459
3.770104
3.768261
3.765065
3.763182
3.761247
3.760329
3.756712
3.754221
3.751796
3.743508
3.742446
3.727803
3.700789
3.700017
3.697404
3.694023
3.681871
3.681681
3.679705
3.678107
3.662425
3.660548
3.658039
3.631257
3.627267
3.626687
3.623106
3.617915
3.611025
3.606123
3.580775
3.580624
3.574851
3.553833
3.547828
3.546046
3.543264
3.532884
3.528076
3.527811
3.524828
3.501724
3.495216
3.493767
3.472143
3.468289
3.457048
3.443686
3.358374
3.320865
3.792414
3.625228
3.718843
3.326840
3.787888
3.556252
3.496128
3.774757
3.720578
3.450210
3.496463
3.789303
3.640518
3.550713
3.457048
3.683992
3.626687
3.486459
3.537997
3.677572
3.700604
3.536148
3.758817
3.748537
3.788723
3.668973
3.558892
3.659321
3.525779
3.747509
3.564535
3.783419
3.501954
3.594190
3.710594
3.794549
3.756378
3.760329
3.626580
3.743508
3.582384

3.800000
3.800000
3.795162
3.794549
3.792414
3.792414
3.789303
3.789303
3.788723
3.787888
3.786789
3.783419
3.780649
3.776240
3.774757
3.774459
3.770104
3.768261
3.765065
3.763182
3.760329
3.758817
3.756378
3.751796
3.748537
3.747509
3.743508
3.718843
3.700789
3.683992
3.681681
3.679705
3.678107
3.677572
3.660548
3.659321
3.658039
3.640518
3.631257
3.627267
3.626687
3.626687
3.626580
3.611025
3.606123
3.594190
3.582384
3.580624
3.574851
3.564535
3.558892
3.553833
3.547828
3.528076
3.524828
3.501954
3.501724
3.495216
3.493767
3.486459
3.472143
3.468289
3.457048
3.358374
3.326840
3.656791
3.523916
3.651800
3.747509
3.587082
3.667303
3.441739
3.607140
3.765065
3.574673
3.501954
3.768261
3.516759
3.524828
3.571076
3.665970
3.645650
3.531565
3.736329
3.457048
3.486002
3.751790
3.729807
3.661043
3.686732
3.525623
3.770104
3.546906
3.740284
3.790170
3.792414
3.558892
3.541612
3.574851
3.762868

3.800000
3.800000
3.795162
3.794549
3.792414
3.792414
3.792414
3.790170
3.789303
3.789303
3.788723
3.787888
3.786789
3.783419
3.780649
3.776240
3.774757
3.774459
3.770104
3.770104
3.768261
3.760329
3.758817
3.756378
3.751790
3.743508
3.736329
3.718843
3.683992
3.678107
3.677572
3.665970
3.661043
3.658039
3.656791
3.631257
3.626687
3.626580
3.611025
3.606123
3.587082
3.582384
3.574851
3.574673
3.571076
3.564535
3.546906
3.528076
3.525623
3.524828
3.501954
3.501724
3.495216
3.486459
3.472143
3.441739
3.358374
3.792414
3.684686
3.792414
3.756378
3.570597
3.459449
3.792414
3.710516
3.660234
3.605060
3.790170
3.605471
3.652591
3.303274
3.776727
3.786789
3.566244
3.519616
3.443037
3.358550
3.549061
3.731865
3.524828
3.592654
3.751790
3.457519
3.660665
3.792414
3.725122
3.790170
3.580745
3.555099
3.760329
3.644162
3.656032
3.471792
3.599770
3.677827
3.712618
3.506054
3.724855
3.762836
3.766337

3.800000
3.800000
3.795162
3.794549
3.792414
3.792414
3.792414
3.792414
3.792414
3.792414
3.792414
3.790170
3.790170
3.790170
3.789303
3.789303
3.788723
3.655792
3.786789
3.786789
3.783419
3.780649
3.776727
3.776240
3.774757
3.768261
3.766337
3.762836
3.760329
3.751790
3.751790
3.731865
3.712618
3.683992
3.678107
3.677827
3.661043
3.660665
3.658039
3.656791
3.656032
3.631257
3.626580
3.606123
3.605471
3.599770
3.592654
3.587082
3.582384
3.574851
3.571076
3.566244
3.555099
3.525623
3.524828
3.524828
3.519616
3.506054
3.501724
3.486459
3.472143
3.471792
3.441739
3.714308
3.380508
3.702135
3.639987
3.404525
3.742343
3.501371
3.792676
3.800000
3.744077
3.441739
3.731969
3.699672
3.690886
3.660665
3.614831
3.625146
3.586204
3.656791
3.656791
3.519616
3.588693
3.656791
3.790170
3.510538
3.751790
3.792414
3.778743
3.762836
3.557655
3.481154
3.633312
3.691121
3.614315
3.595528
3.550821
3.800000

3.800000
3.800000
3.800000
3.800000
3.795162
3.794549
3.792676
3.792414
3.792414
3.792414
3.792414
3.792414
3.792414
3.792414
3.792414
3.790170
3.790170
3.790170
3.790170
3.789303
3.786789
3.783419
3.778743
3.776240
3.766337
3.762836
3.751790
3.751790
3.744077
3.731969
3.714308
3.712618
3.691121
3.683992
3.678107
3.677827
3.658039
3.656791
3.656791
3.656791
3.655792
3.626580
3.625146
3.614831
3.595528
3.587082
3.586204
3.582384
3.574851
3.557655
3.555099
3.550821
3.525623
3.519616
3.519616
3.510538
3.501724
3.501371
3.486459
3.471792
3.441739
3.404525
3.800000
3.651039
3.634777
3.597958
3.501371
3.751790
3.574851
3.557857
3.724130
3.666885
3.667120
3.783419
3.634057
3.688065
3.639220
3.646193
3.787366
3.440416
3.696018
3.748813
3.727576
3.718926
3.538632
3.752276
3.403871
3.629439
3.771064
3.686219
3.552970
3.579796
3.751741
3.796552
3.463705
3.678389
3.666370
3.769605
3.469627
3.548343

3.800000
3.800000
3.800000
3.800000
3.800000
3.796552
3.795162
3.794549
3.792676
3.792414
3.792414
3.792414
3.792414
3.792414
3.792414
3.792414
3.792414
3.790170
3.790170
3.790170
3.783419
3.762836
3.752276
3.751790
3.748813
3.744077
3.727576
3.724130
3.696018
3.691121
3.678107
3.677827
3.666885
3.666370
3.656791
3.656791
3.655792
3.651039
3.646193
3.639220
3.634777
3.634057
3.626580
3.597958
3.595528
3.574851
3.557857
3.557655
3.555099
3.548343
3.538632
3.525623
3.519616
3.501724
3.501371
3.486459
3.471792
3.469627
3.440416
3.403871
3.666370
3.574851
3.471792
3.785556
3.501371
3.469627
3.654242
3.698163
3.535085
3.723715
3.785230
3.413882
3.501371
3.696558
3.594706
3.790170
3.424884
3.517191
3.740511
3.717004
3.688968
3.790170
3.790525
3.675416
3.646193
3.794164
3.566903
3.650203
3.799914
3.663177
3.469627
3.455280
3.662871
3.412276
3.790170
3.537478
3.725885
3.619779
3.682930
3.649450

3.800000
3.800000
3.800000
3.800000
3.800000
3.799914
3.796552
3.795162
3.794549
3.794164
3.792676
3.792414
3.792414
3.792414
3.792414
3.792414
3.792414
3.792414
3.792414
3.790525
3.790170
3.790170
3.762836
3.748813
3.724130
3.723715
3.696018
3.682930
3.677827
3.666885
3.662871
3.655792
3.650203
3.649450
3.646193
3.646193
3.639220
3.634777
3.597958
3.595528
3.574851
3.566903
3.557655
3.555099
3.548343
3.517191
3.501724
3.501371
3.501371
3.486459
3.469627
3.469627
3.469627
3.413882
3.733371
3.615486
3.777971
3.678537
3.439675
3.652968
3.666885
3.639220
3.663347
3.565168
3.771221
3.690823
3.657227
3.774673
3.771135
3.673653
3.571249
3.453204
3.570503
3.790170
3.662620
3.792414
3.689949
3.670423
3.640730
3.748383
3.481692
3.520219
3.481800
3.635057
3.664589
3.555099
3.701099
3.635722
3.800000
3.729486
3.800000
3.618449
3.555304
3.642923
3.727200
3.259011
3.625353
3.488826
3.486459
3.738971

3.800000
3.800000
3.800000
3.800000
3.800000
3.800000
3.800000
3.799914
3.796552
3.795162
3.794549
3.794164
3.792676
3.792414
3.792414
3.792414
3.792414
3.792414
3.792414
3.792414
3.792414
3.792414
3.790170
3.790170
3.771221
3.771135
3.762836
3.748383
3.733371
3.729486
3.727200
3.724130
3.723715
3.689949
3.682930
3.664589
3.662871
3.662620
3.650203
3.649450
3.646193
3.646193
3.642923
3.640730
3.639220
3.635722
3.635057
3.634777
3.625353
3.618449
3.615486
3.571249
3.566903
3.565168
3.557655
3.555304
3.555099
3.555099
3.548343
3.520219
3.501371
3.486459
3.469627
3.469627
3.469627
3.439675
3.259011
3.593092
3.660750
3.792414
3.698912
3.774630
3.503162
3.663746
3.800000
3.409453
3.762836
3.622150
3.439675
3.673502
3.418359
3.774630
3.586459
3.709608
3.733371
3.686897
3.574143
3.721569
3.800000
3.647908
3.687109
3.667379
3.729486
3.750303
3.571169
3.646193
3.792414
3.629589
3.778320
3.660514

3.800000
3.800000
3.800000
3.800000
3.800000
3.800000
3.800000
3.800000
3.800000
3.799914
3.796552
3.795162
3.794549
3.794164
3.792676
3.792414
3.792414
3.792414
3.792414
3.792414
3.792414
3.792414
3.792414
3.790170
3.790170
3.774630
3.771135
3.762836
3.750303
3.748383
3.727200
3.721569
3.698912
3.689949
3.687109
3.673502
3.667379
3.664589
3.662620
3.660750
3.660514
3.650203
3.646193
3.646193
3.640730
3.634777
3.625353
3.593092
3.586459
3.571169
3.565168
3.557655
3.555304
3.520219
3.503162
3.469627
3.439675
3.409453
3.259011
3.589226
3.672813
3.455286
3.552558
3.622755
3.750303
3.792414
3.761885
3.632075
3.716879
3.796202
3.780607
3.660514
3.638592
3.584032
3.640033
3.794549
3.794359
3.659807
3.692392
3.795288
3.774630
3.672450
3.633654
3.639409
3.541034
3.655004
3.612156
3.792414
3.675107
3.575574
3.779016
3.684894
3.800000
3.762836
3.758015
3.721569
3.609318
3.711173
3.554006
3.497966

3.800000
3.800000
3.800000
3.800000
3.800000
3.800000
3.800000
3.800000
3.800000
3.800000
3.799914
3.796552
3.796202
3.795288
3.795162
3.794549
3.794549
3.794359
3.794164
3.792676
3.792414
3.792414
3.792414
3.792414
3.792414
3.792414
3.792414
3.790170
3.780607
3.774630
3.750303
3.748383
3.727200
3.721569
3.721569
3.711173
3.692392
3.689949
3.675107
3.667379
3.660514
3.659807
3.655004
3.640033
3.639409
3.638592
3.634777
3.633654
3.625353
3.622755
3.612156
3.593092
3.589226
3.575574
3.557655
3.555304
3.541034
3.439675
3.409453
3.648628
3.664388
3.686540
3.557258
3.795316
3.482850
3.665615
3.792414
3.548545
3.744884
3.659904
3.799914
3.452574
3.672279
3.300694
3.691088
3.663707
3.774630
3.743774
3.792414
3.792414
3.721569
3.781419
3.641270
3.792414
3.677755
3.703865
3.675107
3.671756
3.796552
3.657129
3.675859
3.691738
3.640033
3.556290
3.686244
3.678234
3.625353
3.675107
3.799981
3.596007

3.800000
3.800000
3.800000
3.800000
3.800000
3.800000
3.800000
3.800000
3.800000
3.800000
3.799981
3.799914
3.799914
3.796552
3.796552
3.796202
3.795316
3.795288
3.795162
3.794549
3.794549
3.794164
3.792676
3.792414
3.792414
3.792414
3.792414
3.792414
3.781419
3.780607
3.774630
3.748383
3.744884
3.727200
3.689949
3.686540
3.677755
3.675107
3.671756
3.667379
3.665615
3.664388
3.659904
3.657129
3.655004
3.648628
3.641270
3.640033
3.634777
3.633654
3.625353
3.596007
3.593092
3.557258
3.556290
3.548545
3.541034
3.482850
3.452574
3.439675
3.300694
3.646270
3.666422
3.792414
3.634956
3.797606
3.692057
3.605568
3.690537
3.622801
3.486955
3.781333
3.792414
3.721878
3.555657
3.555363
3.800000
3.799981
3.792414
3.690496
3.763852
3.794837
3.707823
3.776298
3.725377
3.535985
3.740536
3.613333
3.649087
3.639783
3.584386
3.617137
3.799981
3.712850
3.281960
3.728134
3.658894
3.659904
3.795288
3.763731

3.800000
3.800000
3.800000
3.800000
3.800000
3.800000
3.800000
3.800000
3.800000
3.800000
3.800000
3.799981
3.799981
3.799981
3.799914
3.799914
3.797606
3.796552
3.796552
3.796202
3.795288
3.795288
3.795162
3.794837
3.794549
3.794549
3.792414
3.781419
3.788919
3.780607
3.776298
3.774630
3.748383
3.744884
3.725377
3.721878
3.707823
3.692057
3.689949
3.686540
3.671756
3.665615
3.659904
3.659904
3.657129
3.649087
3.640033
3.639783
3.634777
3.622801
3.617137
3.613333
3.596007
3.557258
3.556290
3.541034
3.482850
3.439675
3.300694
3.731933
3.624150
3.660147
3.702019
3.800000
3.758244
3.791946
3.645922
3.758875
3.795670
3.639063
3.687146
3.796700
3.579788
3.800000
3.542650
3.771387
3.762075
3.658848
3.608349
3.733634
3.796447
3.705237
3.541034
3.439675
3.615620
3.800000
3.757523
3.797606
3.796552
3.328829
3.661900
3.630265
3.603295
3.780587
3.746868
3.745935
3.405253
3.547244
3.709667
3.800000

3.800000
3.800000
3.800000
3.800000
3.800000
3.800000
3.800000
3.800000
3.800000
3.800000
3.800000
3.800000
3.800000
3.800000
3.800000
3.799981
3.799981
3.799981
3.799914
3.799914
3.797606
3.796700
3.796552
3.796552
3.795288
3.792414
3.791946
3.780607
3.776298
3.762075
3.758875
3.758244
3.753466
3.746868
3.721878
3.707823
3.705237
3.692057
3.689949
3.687146
3.686540
3.671756
3.659904
3.658848
3.657129
3.649087
3.645922
3.630265
3.622801
3.617137
3.608349
3.579788
3.557258
3.541034
3.482850
3.439675
3.405253
3.300694
3.800000
3.800000
3.672641
3.579016
3.689949
3.647246
3.664098
3.794549
3.537086
3.658848
3.439675
3.606821
3.592403
3.798736
3.628587
3.765421
3.790987
3.799981
3.783974
3.746868
3.800000
3.796325
3.713935
3.655770
3.587329
3.668552
3.603346
3.796552
3.604593
3.795288
3.800000
3.696906
3.550082
3.630265
3.673362
3.439675
3.658894
3.615405
3.777344
3.702824
3.616141
3.730983

3.800000
3.800000
3.800000
3.800000
3.800000
3.800000
3.800000
3.800000
3.800000
3.800000
3.800000
3.800000
3.800000
3.800000
3.800000
3.800000
3.800000
3.800000
3.800000
3.799981
3.799981
3.799981
3.799914
3.798736
3.797606
3.796552
3.796552
3.796325
3.795288
3.792414
3.780607
3.777344
3.776298
3.762075
3.758875
3.758244
3.746868
3.746868
3.721878
3.707823
3.705237
3.702824
3.696906
3.686540
3.672641
3.671756
3.668552
3.659904
3.658894
3.658848
3.657129
3.649087
3.630265
3.628587
3.622801
3.616141
3.608349
3.606821
3.603346
3.592403
3.587329
3.550082
3.541034
3.482850
3.439675
3.300694
3.615681
3.454595
3.732448
3.739656
3.701157
3.736480
3.647927
3.718793
3.576158
3.675461
3.590428
3.788708
3.681496
3.781950
3.496358
3.800000
3.560106
3.799981
3.588570
3.708031
3.388559
3.760582
3.783253
3.659904
3.799981
3.663100
3.602175
3.800000
3.646677
3.799954
3.439675
3.726351
3.746914
3.606821

3.800000
3.800000
3.800000
3.800000
3.800000
3.800000
3.800000
3.800000
3.800000
3.800000
3.800000
3.800000
3.800000
3.800000
3.800000
3.800000
3.800000
3.800000
3.800000
3.800000
3.800000
3.799981
3.799981
3.799981
3.799981
3.799914
3.796552
3.795288
3.792414
3.783253
3.781950
3.780607
3.762075
3.760582
3.758875
3.746914
3.721878
3.718793
3.705237
3.681496
3.675461
3.671756
3.659904
3.659904
3.658894
3.657129
3.649087
3.647927
3.646677
3.630265
3.622801
3.616141
3.603346
3.592403
3.590428
3.588570
3.587329
3.496358
3.454595
3.439675
3.439675
3.388559
3.300694
3.799366
3.709829
3.583531
3.764067
3.585159
3.684228
3.664049
3.781950
3.761597
3.792414
3.765600
3.738781
3.652017
3.624548
3.783253
3.564339
3.798405
3.564852
3.777464
3.702298
3.725336
3.665042
3.452073
3.610662
3.639909
3.800000
3.682100
3.599577
3.712466
3.590428
3.795463
3.722790
3.800000
3.800000
3.800000
3.419996
3.781950

3.800000
3.800000
3.800000
3.800000
3.800000
3.800000
3.800000
3.800000
3.800000
3.800000
3.800000
3.800000
3.800000
3.800000
3.800000
3.800000
3.800000
3.800000
3.800000
3.800000
3.800000
3.800000
3.800000
3.799981
3.799981
3.799914
3.799366
3.795463
3.795288
3.792414
3.783253
3.783253
3.781950
3.781950
3.777464
3.765600
3.762075
3.761597
3.760582
3.725336
3.722790
3.709829
3.705237
3.702298
3.682100
3.675461
3.665042
3.664049
3.659904
3.652017
3.649087
3.646677
3.639909
3.630265
3.622801
3.616141
3.610662
3.603346
3.590428
3.590428
3.585159
3.583531
3.564852
3.564339
3.454595
3.388559
3.300694
3.640510
3.686708
3.644284
3.670281
3.760582
3.800000
3.702284
3.524467
3.673428
3.695946
3.587981
3.695997
3.577236
3.796552
3.639909
3.713434
3.797446
3.686244
3.783253
3.766906
3.731861
3.800000
3.690060
3.800000
3.673362
3.564136
3.465980
3.656192
3.724014
3.546640
3.658227
3.800000
3.664521

3.800000
3.800000
3.800000
3.800000
3.800000
3.800000
3.800000
3.800000
3.800000
3.800000
3.800000
3.800000
3.800000
3.800000
3.800000
3.800000
3.800000
3.800000
3.800000
3.800000
3.800000
3.800000
3.800000
3.799981
3.799914
3.799366
3.795463
3.783253
3.765600
3.762075
3.761597
3.725336
3.722790
3.702284
3.695997
3.695946
3.682100
3.675461
3.664049
3.649087
3.644284
3.640510
3.639909
3.616141
3.610662
3.587981
3.577236
3.564852
3.564136
3.454595
3.388559
3.300694
3.800000
3.725336
3.784724
3.565741
3.718482
3.657886
3.800000
3.773055
3.690100
3.454595
3.610662
3.799914
3.791313
3.707022
3.497831
3.496358
3.763927
3.733850
3.348902
3.678096
3.612118
3.800000
3.723515
3.800000
3.702284
3.748575
3.783609
3.764786
3.800000
3.710937
3.726262
3.566358
3.799366
3.501371
3.797403
3.675224
3.744339
3.715423
3.725336
3.800000
3.622267
3.651844
3.683313
3.555474
3.800000
3.800000
3.577236
3.756160

3.800000
3.800000
3.800000
3.800000
3.800000
3.800000
3.800000
3.800000
3.800000
3.800000
3.800000
3.800000
3.800000
3.800000
3.800000
3.800000
3.800000
3.800000
3.800000
3.800000
3.800000
3.800000
3.800000
3.800000
3.800000
3.799914
3.799366
3.797403
3.795463
3.784724
3.773055
3.765600
3.764786
3.762075
3.761597
3.756160
3.748575
3.733850
3.726262
3.725336
3.723515
3.722790
3.715423
3.695946
3.683313
3.678096
3.675224
3.651844
3.649087
3.644284
3.640510
3.616141
3.612118
3.610662
3.564136
3.501371
3.496358
3.454595
3.665319
3.798519
3.649087
3.684446
3.760606
3.778738
3.702241
3.683671
3.723590
3.686317
3.678096
3.555346
3.800000
3.736168
3.740743
3.774375
3.659644
3.800000
3.800000
3.789005
3.603740
3.726560
3.512086
3.740494
3.800000
3.799972
3.800000
3.800000
3.704967
3.783143
3.620544
3.489918
3.678096
3.658109
3.742331
3.582118
3.501371
3.640510
3.800000
3.642680
3.485949
3.491719

3.800000
3.800000
3.800000
3.800000
3.800000
3.800000
3.800000
3.800000
3.800000
3.800000
3.800000
3.800000
3.800000
3.800000
3.800000
3.800000
3.800000
3.800000
3.800000
3.800000
3.800000
3.800000
3.800000
3.800000
3.800000
3.799972
3.799914
3.798519
3.789005
3.774375
3.773055
3.764786
3.762075
3.760606
3.756160
3.748575
3.742331
3.726560
3.725336
3.723515
3.695946
3.684446
3.683671
3.678096
3.675224
3.659644
3.658109
3.651844
3.649087
3.649087
3.644284
3.642680
3.620544
3.616141
3.612118
3.610662
3.603740
3.564136
3.555346
3.491719
3.485949
3.683793
3.799954
3.793529
3.751876
3.765143
3.717068
3.524227
3.800000
3.639854
3.800000
3.800000
3.675224
3.612740
3.657188
3.748813
3.765524
3.526799
3.800000
3.800000
3.603740
3.670394
3.661805
3.790500
3.729789
3.652999
3.611327
3.658109
3.479028
3.763453
3.699753
3.776475
3.547756
3.718572
3.724643
3.491719
3.571967
3.800000
3.789399
3.712669

3.800000
3.800000
3.800000
3.800000
3.800000
3.800000
3.800000
3.800000
3.800000
3.800000
3.800000
3.800000
3.800000
3.800000
3.800000
3.800000
3.800000
3.800000
3.800000
3.800000
3.800000
3.800000
3.800000
3.800000
3.800000
3.800000
3.800000
3.800000
3.799972
3.799914
3.798519
3.773055
3.765143
3.764786
3.763453
3.760606
3.756160
3.751876
3.748813
3.748575
3.742331
3.729789
3.724643
3.723515
3.717068
3.712669
3.699753
3.695946
3.684446
3.683793
3.683671
3.670394
3.661805
3.644284
3.639854
3.620544
3.612740
3.610662
3.571967
3.555346
3.526799
3.524227
3.491719
3.479028
3.660861
3.757684
3.572021
3.764786
3.749425
3.712072
3.776519
3.551481
3.800000
3.667516
3.659796
3.732472
3.800000
3.799914
3.799872
3.800000
3.706823
3.664961
3.706263
3.777464
3.799972
3.727684
3.800000
3.745239
3.566177
3.800000
3.621478
3.539779
3.653438
3.576276
3.800000
3.581049
3.765143
3.763759
3.796771
3.778436

3.800000
3.800000
3.800000
3.800000
3.800000
3.800000
3.800000
3.800000
3.800000
3.800000
3.800000
3.800000
3.800000
3.800000
3.800000
3.800000
3.800000
3.800000
3.800000
3.800000
3.800000
3.800000
3.800000
3.800000
3.800000
3.800000
3.800000
3.799972
3.799972
3.798519
3.778436
3.773055
3.763453
3.756160
3.749425
3.727684
3.724643
3.706823
3.695946
3.683793
3.667516
3.661805
3.653438
3.644284
3.621478
3.572021
3.566177
3.524227
3.479028
3.800000
3.715721
3.781541
3.421437
3.684876
3.653892
3.623619
3.684080
3.529512
3.800000
3.800000
3.752589
3.800000
3.781541
3.710883
3.715245
3.762856
3.740012
3.700251
3.661805
3.800000
3.800000
3.800000
3.609504
3.758716
3.479028
3.661805
3.610487
3.800000
3.798519
3.789399
3.799515
3.709260
3.539446
3.800000
3.773055
3.800000
3.754596
3.717370
3.666296
3.759827
3.800000
3.669673
3.674128
3.800000
3.632730
3.757220
3.664428
3.783253
3.750847
3.725392

3.800000
3.800000
3.800000
3.800000
3.800000
3.800000
3.800000
3.800000
3.800000
3.800000
3.800000
3.800000
3.800000
3.800000
3.800000
3.800000
3.800000
3.800000
3.800000
3.800000
3.800000
3.800000
3.800000
3.800000
3.800000
3.800000
3.800000
3.800000
3.800000
3.800000
3.800000
3.799515
3.798519
3.781541
3.773055
3.773055
3.763453
3.762856
3.757220
3.750847
3.749425
3.740012
3.725392
3.717370
3.715721
3.709260
3.706823
3.684080
3.674128
3.669673
3.667516
3.666296
3.661805
3.661805
3.661805
3.632730
3.621478
3.572021
3.539446
3.524227
3.479028
3.421437
3.648915
3.715721
3.709260
3.745132
3.578487
3.655864
3.678756
3.783183
3.800000
3.669691
3.780210
3.759994
3.786213
3.800000
3.717370
3.800000
3.800000
3.768032
3.799972
3.729908
3.503250
3.782470
3.421437
3.800000
3.800000
3.800000
3.719225
3.756495
3.800000
3.800000
3.800000
3.626087
3.793494
3.749425
3.748717
3.744692
3.627471
3.619748

3.800000
3.800000
3.800000
3.800000
3.800000
3.800000
3.800000
3.800000
3.800000
3.800000
3.800000
3.800000
3.800000
3.800000
3.800000
3.800000
3.800000
3.800000
3.800000
3.800000
3.800000
3.800000
3.800000
3.800000
3.800000
3.800000
3.800000
3.800000
3.800000
3.800000
3.782470
3.781541
3.773055
3.768032
3.759994
3.756495
3.748717
3.745132
3.740012
3.729908
3.725392
3.719225
3.717370
3.715721
3.709260
3.709260
3.706823
3.678756
3.674128
3.669691
3.669673
3.666296
3.661805
3.661805
3.661805
3.655864
3.648915
3.632730
3.627471
3.621478
3.619748
3.524227
3.479028
3.421437
3.795846
3.634933
3.497942
3.798075
3.655684
3.549681
3.776257
3.798284
3.628369
3.782371
3.753089
3.684054
3.765600
3.781541
3.719816
3.715721
3.709260
3.616806
3.800000
3.793511
3.800000
3.669691
3.719225
3.773055
3.655864
3.800000
3.756693
3.692846
3.795670
3.649298
3.748717
3.561384
3.800000
3.508329
3.670811
3.720107

3.800000
3.800000
3.800000
3.800000
3.800000
3.800000
3.800000
3.800000
3.800000
3.800000
3.800000
3.800000
3.800000
3.800000
3.800000
3.800000
3.800000
3.800000
3.800000
3.800000
3.800000
3.800000
3.800000
3.800000
3.800000
3.800000
3.800000
3.800000
3.798284
3.795846
3.795670
3.782470
3.782371
3.781541
3.776257
3.773055
3.765600
3.759994
3.756495
3.748717
3.748717
3.745132
3.720107
3.719816
3.719225
3.709260
3.709260
3.684054
3.678756
3.674128
3.670811
3.666296
3.661805
3.655864
3.655864
3.655684
3.634933
3.632730
3.627471
3.621478
3.561384
3.497942
3.479028
3.800000
3.684054
3.800000
3.694592
3.691088
3.778625
3.621478
3.736576
3.633368
3.800000
3.800000
3.738814
3.551473
3.543127
3.709260
3.698866
3.494426
3.782470
3.549414
3.640083
3.775308
3.660875
3.614895
3.798284
3.775748
3.640132
3.798576
3.630295
3.578721
3.800000
3.535618
3.769995
3.773055
3.800000
3.800000
3.798080
3.781541

3.800000
3.800000
3.800000
3.800000
3.800000
3.800000
3.800000
3.800000
3.800000
3.800000
3.800000
3.800000
3.800000
3.800000
3.800000
3.800000
3.800000
3.800000
3.800000
3.800000
3.800000
3.800000
3.800000
3.800000
3.800000
3.800000
3.800000
3.795670
3.782470
3.782470
3.782371
3.781541
3.778625
3.775308
3.769995
3.765600
3.748717
3.748717
3.745132
3.738814
3.697773
3.709260
3.698866
3.694592
3.691088
3.684054
3.666296
3.661805
3.660875
3.655864
3.655684
3.640132
3.640083
3.634933
3.630295
3.627471
3.614895
3.578721
3.551473
3.543127
3.535618
3.479028
3.578721
3.800000
3.795463
3.800000
3.772077
3.792613
3.667171
3.776519
3.778437
3.655617
3.668653
3.691088
3.745981
3.782470
3.684054
3.800000
3.800000
3.730782
3.754991
3.508921
3.667171
3.727314
3.704250
3.769947
3.599230
3.799623
3.800000
3.741825
3.656097
3.797815
3.589218
3.800000
3.736313
3.800000
3.683620
3.601785
3.582727
3.800000

3.800000
3.800000
3.800000
3.800000
3.800000
3.800000
3.800000
3.800000
3.800000
3.800000
3.800000
3.800000
3.800000
3.800000
3.800000
3.800000
3.800000
3.800000
3.800000
3.800000
3.800000
3.800000
3.800000
3.800000
3.800000
3.800000
3.795670
3.795463
3.782470
3.782371
3.778625
3.772077
3.765600
3.748717
3.748717
3.745132
3.741825
3.738814
3.730782
3.727314
3.709260
3.704250
3.698866
3.697773
3.691088
3.684054
3.684054
3.683620
3.668653
3.666296
3.656097
3.655864
3.655684
3.640132
3.640083
3.614895
3.601785
3.589218
3.582727
3.578721
3.578721
3.551473
3.508921
3.479028
3.726087
3.746793
3.784323
3.773055
3.690991
3.667908
3.800000
3.748793
3.668594
3.800000
3.730782
3.639155
3.741825
3.552827
3.679693
3.730129
3.632027
3.711869
3.773603
3.765600
3.800000
3.800000
3.761505
3.786988
3.558611
3.578721
3.700846
3.645008
3.676034
3.782371
3.709260
3.578721
3.672945
3.684054
3.700866
3.674030

3.800000
3.800000
3.800000
3.800000
3.800000
3.800000
3.800000
3.800000
3.800000
3.800000
3.800000
3.800000
3.800000
3.800000
3.800000
3.800000
3.800000
3.800000
3.800000
3.800000
3.800000
3.800000
3.800000
3.800000
3.800000
3.795670
3.784323
3.782470
3.782371
3.773603
3.765600
3.748793
3.746793
3.741825
3.730782
3.730782
3.730129
3.727314
3.726087
3.711869
3.709260
3.700846
3.698866
3.697773
3.691088
3.684054
3.683620
3.674030
3.672945
3.668594
3.667908
3.666296
3.656097
3.655864
3.655684
3.640132
3.601785
3.589218
3.582727
3.558611
3.552827
3.508921
3.479028
3.800000
3.548579
3.785658
3.800000
3.718097
3.789470
3.795463
3.800000
3.636947
3.798778
3.769995
3.696414
3.788104
3.639353
3.763386
3.686608
3.634775
3.800000
3.629557
3.674030
3.610689
3.800000
3.709453
3.751543
3.725659
3.549867
3.704313
3.729961
3.680763
3.678024
3.624611
3.682861
3.673376
3.578105
3.616473
3.800000
3.667857

3.800000
3.800000
3.800000
3.800000
3.800000
3.800000
3.800000
3.800000
3.800000
3.800000
3.800000
3.800000
3.800000
3.800000
3.800000
3.800000
3.800000
3.800000
3.800000
3.800000
3.800000
3.800000
3.800000
3.800000
3.800000
3.695948
3.784323
3.773603
3.769995
3.746793
3.741825
3.730782
3.730129
3.636622
3.726087
3.711869
3.709453
3.704313
3.700846
3.698866
3.697773
3.686608
3.683620
3.682861
3.680763
3.678024
3.674030
3.673376
3.672945
3.667857
3.666296
3.655864
3.639353
3.634775
3.629557
3.610689
3.601785
3.552827
3.549867
3.748793
3.568736
3.795608
3.726087
3.798284
3.800000
3.635424
3.746793
3.715175
3.800000
3.628940
3.677982
3.617881
3.800000
3.759469
3.705989
3.795209
3.798160
3.800000
3.750808
3.800000
3.800000
3.639353
3.671021
3.642744
3.662129
3.798915
3.601035
3.762409
3.773603
3.688658
3.552827
3.780644
3.552827
3.704313
3.675289
3.708199
3.671148
3.728011
3.700458
3.800000

3.800000
3.800000
3.800000
3.800000
3.800000
3.800000
3.800000
3.800000
3.800000
3.800000
3.800000
3.800000
3.800000
3.800000
3.800000
3.800000
3.800000
3.800000
3.800000
3.800000
3.800000
3.800000
3.800000
3.798915
3.795608
3.780644
3.773603
3.773603
3.769995
3.762409
3.759469
3.750808
3.746793
3.746793
3.741825
3.730129
3.728011
3.726087
3.726087
3.711869
3.709453
3.708199
3.705989
3.704313
3.704313
3.700458
3.695948
3.688658
3.683620
3.677982
3.672945
3.671148
3.662129
3.655864
3.639353
3.636622
3.635424
3.634775
3.610689
3.552827
3.552827
3.672945
3.614656
3.800000
3.800000
3.766145
3.771888
3.694549
3.759469
3.688130
3.646520
3.731861
3.592835
3.800000
3.728011
3.800000
3.671546
3.658706
3.800000
3.800000
3.795608
3.794591
3.694614
3.773093
3.632892
3.800000
3.798284
3.768473
3.688658
3.552466
3.606714
3.645223
3.710498
3.800000
3.654149
3.537251
3.799635
3.783567
3.721420
3.652185

