# Ainslie Model. 80 turbs, 5MW. Iterations: 40	Individuals: 101	Wind direction: 0 deg	Random Selection: 0.100000
2.524525
2.426312
2.517902
2.469468
2.469876
2.499311
2.495695
2.420688
2.480498
2.555224
2.457041
2.504464
2.497316
2.364996
2.555411
2.520654
2.412315
2.525289
2.481930
2.555220
2.395396
2.474953
2.525576
2.568898
2.549558
2.551922
2.575920
2.561236
2.684583
2.491765
2.554055
2.456281
2.566965
2.510426
2.554392
2.514014
2.597122
2.592305
2.393743
2.518878
2.423896
2.489584
2.537674
2.548795
2.573395
2.439036
2.562230
2.508062
2.518141
2.513252
2.508610
2.545831
2.590982
2.497094
2.616922
2.461912
2.620158
2.545129
2.444124
2.534747
2.626037
2.548449
2.518245
2.500119
2.632900
2.465496
2.586480
2.553368
2.609274
2.473004
2.585728
2.427924
2.485338
2.435090
2.411950
2.495979
2.651359
2.717920
2.524340
2.551000
2.536703
2.422267
2.577147
2.507945
2.562943
2.615786
2.653259
2.602268
2.504759
2.468497
2.501173
2.512780
2.466435
2.484222
2.441382
2.625731
2.558616
2.489714
2.526899
2.523317
0.957542

2.717920
2.684583
2.653259
2.651359
2.632900
2.626037
2.625731
2.620158
2.616922
2.615786
2.609274
2.602268
2.597122
2.592305
2.590982
2.586480
2.585728
2.577147
2.575920
2.573395
2.568898
2.545129
2.469876
2.456281
2.577147
2.523643
2.493867
2.614076
2.634682
2.462546
2.494601
2.475328
2.589223
2.474675
2.508986
2.514887
2.557010
2.569092
2.464391
2.571960
2.500219
2.629478
2.515995
2.516710
2.520652
2.519565
2.504147
2.573430
2.580199
2.565161
2.470850
2.547718
2.553121
2.607599
2.569491
2.632212
2.452023
2.575402
2.543849
2.430896
2.549021
2.597122
2.568693
2.620528
2.529202
2.528128
2.605511
2.734029
2.612295
2.572736
2.594816
2.565569
2.550957
2.542837
2.592305
2.647406
2.625508
2.634552
2.553944
2.536743
2.636492
2.546748
2.528190
2.561242
2.570610
2.629450
2.564148
2.432832
2.624697
2.633977
2.540829
2.618495
2.597711
2.379019
2.507716
2.668328
2.565476
2.527976
2.674222
2.439426
2.550053

2.734029
2.717920
2.684583
2.674222
2.668328
2.653259
2.651359
2.647406
2.636492
2.634682
2.634552
2.633977
2.632900
2.632212
2.629478
2.629450
2.626037
2.625731
2.625508
2.624697
2.568693
2.474675
2.379019
2.599141
2.536496
2.599051
2.471237
2.665633
2.603845
2.653259
2.592326
2.653037
2.537617
2.694587
2.523336
2.551331
2.569705
2.652271
2.661479
2.637030
2.624869
2.587994
2.447186
2.559626
2.655703
2.553658
2.726793
2.614826
2.481249
2.619084
2.585755
2.709607
2.633312
2.482726
2.592187
2.464252
2.674638
2.504505
2.646157
2.664821
2.623328
2.578669
2.667318
2.658298
2.619367
2.648392
2.561331
2.596740
2.730171
2.552605
2.539016
2.542397
2.429592
2.535765
2.524486
2.455476
2.710614
2.633312
2.592188
2.621897
2.471726
2.539095
2.547162
2.566974
2.673378
2.588169
2.601302
2.623951
2.676525
2.466389
2.597748
2.452145
2.558014
2.664645
2.689088
2.641060
2.491339
2.642784
2.561933
2.544544
2.652446

2.734029
2.730171
2.726793
2.717920
2.710614
2.709607
2.694587
2.689088
2.684583
2.676525
2.674638
2.674222
2.673378
2.668328
2.667318
2.665633
2.664821
2.664645
2.661479
2.658298
2.653037
2.625731
2.619367
2.592326
2.588169
2.558014
2.544544
2.535765
2.482726
2.481249
2.466389
2.662582
2.607853
2.611203
2.547221
2.565400
2.573363
2.672899
2.546720
2.592332
2.450711
2.596876
2.656976
2.664364
2.669580
2.513927
2.602487
2.554974
2.530598
2.601979
2.699795
2.525242
2.611163
2.582918
2.533150
2.582877
2.548921
2.523525
2.582521
2.513351
2.617607
2.660769
2.657830
2.533184
2.712626
2.525573
2.661660
2.638955
2.648675
2.697413
2.566891
2.620141
2.495533
2.661660
2.694557
2.564777
2.693932
2.536424
2.604910
2.599126
2.546900
2.664645
2.670528
2.576212
2.604550
2.648056
2.677830
2.661479
2.597649
2.690147
2.611223
2.613410
2.560078
2.424810
2.604020
2.557209
2.661479
2.713946
2.518762
2.526251
2.590091

2.734029
2.730171
2.726793
2.717920
2.713946
2.712626
2.710614
2.709607
2.699795
2.697413
2.694587
2.694557
2.693932
2.690147
2.689088
2.684583
2.677830
2.676525
2.674638
2.674222
2.668328
2.620141
2.582877
2.576212
2.560078
2.525242
2.513351
2.681476
2.713134
2.497298
2.554326
2.542513
2.640650
2.745116
2.508984
2.697413
2.602238
2.680035
2.675349
2.702242
2.604831
2.677851
2.525242
2.684837
2.514366
2.506520
2.694938
2.570436
2.665783
2.593650
2.681106
2.520056
2.521057
2.622121
2.536960
2.683311
2.520110
2.682081
2.589583
2.552335
2.530708
2.624749
2.556605
2.625179
2.686221
2.663984
2.523705
2.597328
2.734029
2.620204
2.519554
2.506832
2.705583
2.598232
2.568913
2.636266
2.636048
2.697838
2.619540
2.701290
2.655827
2.460133
2.594056
2.594675
2.599314
2.607721
2.674532
2.574748
2.691612
2.700619
2.501215
2.680695
2.652723
2.633646
2.704260
2.730171
2.565855
2.720696
2.598007
2.560178
2.593532

2.745116
2.734029
2.734029
2.730171
2.730171
2.726793
2.720696
2.717920
2.713946
2.713134
2.712626
2.710614
2.709607
2.705583
2.704260
2.702242
2.701290
2.700619
2.699795
2.697838
2.694557
2.693932
2.686221
2.680695
2.676525
2.674638
2.552765
2.497298
2.684863
2.714412
2.673295
2.695721
2.734029
2.745164
2.686235
2.570594
2.724869
2.647298
2.619296
2.634322
2.687746
2.666560
2.654848
2.680254
2.676525
2.658112
2.593850
2.618399
2.642583
2.692235
2.650958
2.686221
2.689184
2.730171
2.641859
2.659266
2.538872
2.682068
2.586012
2.581004
2.697562
2.685244
2.706334
2.660335
2.671335
2.658914
2.603446
2.623008
2.713946
2.689901
2.672860
2.697191
2.706334
2.647041
2.696170
2.618856
2.734029
2.509108
2.648722
2.688457
2.709748
2.720264
2.655165
2.657255
2.509053
2.611527
2.675387
2.700619
2.643173
2.686639
2.683186
2.683184
2.726612
2.609014
2.632461
2.603980
2.640331
2.696520
2.699795
2.639816
2.643278

2.745164
2.745116
2.734029
2.734029
2.734029
2.734029
2.730171
2.730171
2.730171
2.726793
2.726612
2.724869
2.720696
2.720264
2.717920
2.714412
2.713946
2.713946
2.713134
2.712626
2.701290
2.692235
2.689901
2.680695
2.641859
2.581004
2.509053
2.735934
2.575812
2.676825
2.610869
2.641859
2.745668
2.743446
2.733307
2.699795
2.699221
2.726793
2.699607
2.550002
2.679658
2.705612
2.703917
2.605566
2.717690
2.688832
2.712831
2.408624
2.623069
2.666538
2.653590
2.732983
2.553403
2.629147
2.619979
2.699331
2.713946
2.735779
2.690764
2.709658
2.704837
2.668402
2.484741
2.617714
2.746439
2.666516
2.641859
2.672101
2.540422
2.691867
2.574312
2.625720
2.602803
2.734029
2.542049
2.715403
2.717127
2.735779
2.720264
2.739765
2.526414
2.714412
2.694600
2.747151
2.726216
2.693322
2.599246
2.622011
2.668622
2.693353
2.730171
2.673398
2.705144
2.647454
2.566237
2.646865
2.691625
2.722822
2.737397
2.629115
2.671350

2.747151
2.746439
2.745668
2.745164
2.745116
2.743446
2.739765
2.737397
2.735934
2.735779
2.735779
2.734029
2.734029
2.734029
2.734029
2.734029
2.733307
2.732983
2.730171
2.730171
2.713946
2.693322
2.622011
2.617714
2.605566
2.599246
2.566237
2.705705
2.717397
2.741813
2.711689
2.642713
2.592333
2.734029
2.739489
2.670802
2.684266
2.672369
2.725213
2.746439
2.746886
2.713789
2.591756
2.744610
2.735779
2.722937
2.713946
2.722585
2.748512
2.638255
2.645855
2.630641
2.734029
2.702474
2.723825
2.624996
2.561590
2.724744
2.735779
2.577060
2.621786
2.689843
2.658555
2.756655
2.733307
2.665423
2.646449
2.718460
2.636946
2.735779
2.734029
2.617863
2.654222
2.591046
2.739898
2.545207
2.723851
2.734029
2.635479
2.735779
2.604171
2.607753
2.692529
2.682519
2.717110
2.551185
2.718292
2.616062
2.746439
2.609393
2.726408
2.695816
2.738746
2.734029
2.703043
2.655979
2.745913
2.725554
2.730171
2.725646
2.600355

2.756655
2.748512
2.747151
2.746886
2.746439
2.746439
2.746439
2.745913
2.745668
2.745164
2.745116
2.744610
2.743446
2.741813
2.739898
2.739765
2.739489
2.738746
2.737397
2.735934
2.735779
2.735779
2.734029
2.726408
2.724744
2.670802
2.600355
2.746439
2.741396
2.752335
2.728573
2.660406
2.729164
2.733496
2.719787
2.742815
2.736665
2.748512
2.697519
2.751904
2.703413
2.651723
2.682316
2.650871
2.746439
2.720243
2.756811
2.729381
2.631874
2.756655
2.645054
2.731579
2.742626
2.633495
2.750505
2.571116
2.720865
2.739238
2.672475
2.633882
2.636891
2.746439
2.751387
2.617416
2.603116
2.637216
2.756655
2.739765
2.727447
2.723885
2.736578
2.725213
2.705097
2.718341
2.734472
2.726793
2.732119
2.755097
2.702206
2.708184
2.696848
2.739765
2.626834
2.646280
2.619923
2.726408
2.749349
2.756655
2.732907
2.745668
2.750362
2.714883
2.648171
2.725228
2.741116
2.718331
2.765882
2.742246
2.746439
2.713337
2.624457

2.765882
2.756811
2.756655
2.756655
2.756655
2.756655
2.755097
2.752335
2.751904
2.751387
2.750505
2.750362
2.749349
2.748512
2.748512
2.747151
2.746886
2.746439
2.746439
2.746439
2.745116
2.739765
2.729164
2.727447
2.719787
2.718341
2.718331
2.682316
2.660406
2.633495
2.751520
2.739770
2.728649
2.762025
2.730827
2.736786
2.748139
2.716097
2.688976
2.737259
2.756655
2.723851
2.654168
2.685912
2.746886
2.756025
2.729164
2.704039
2.756655
2.719787
2.747151
2.752858
2.774463
2.728739
2.739770
2.718341
2.751387
2.745677
2.769889
2.737711
2.730827
2.747638
2.747151
2.746439
2.779422
2.748293
2.736116
2.761051
2.756811
2.692479
2.768069
2.756989
2.730759
2.722276
2.748503
2.626736
2.723195
2.755097
2.741116
2.710031
2.710668
2.734105
2.746439
2.746886
2.701847
2.756655
2.719787
2.747582
2.735512
2.636528
2.720897
2.696327
2.737018
2.755097
2.750505
2.657041
2.774463
2.752654
2.748512
2.756655
2.651278

2.779422
2.774463
2.774463
2.769889
2.768069
2.765882
2.762025
2.761051
2.756989
2.756811
2.756811
2.756655
2.756655
2.756655
2.756655
2.756655
2.756655
2.756655
2.756655
2.756025
2.748512
2.748293
2.746439
2.745677
2.728739
2.723195
2.685912
2.682316
2.756655
2.774463
2.746439
2.747476
2.750151
2.756655
2.774463
2.764771
2.756655
2.748293
2.753198
2.741940
2.764845
2.745677
2.753358
2.756655
2.756655
2.748236
2.753198
2.768930
2.756655
2.762109
2.728269
2.739770
2.686408
2.756655
2.756655
2.587349
2.639578
2.755333
2.756655
2.756655
2.756655
2.752233
2.695865
2.737634
2.751387
2.743385
2.739684
2.756655
2.744917
2.705334
2.749193
2.748293
2.728739
2.663113
2.756655
2.760978
2.774463
2.773664
2.756025
2.745916
2.754034
2.723195
2.735316
2.733204
2.745453
2.748293
2.744823
2.753887
2.746439
2.748455
2.768069
2.760978
2.745530
2.745677
2.748293
2.756655
2.719736
2.760421
2.649779
2.756655
2.769889

2.779422
2.774463
2.774463
2.774463
2.774463
2.774463
2.773664
2.769889
2.769889
2.768930
2.768069
2.768069
2.765882
2.764845
2.764771
2.762109
2.762025
2.761051
2.760978
2.760978
2.756655
2.756655
2.756655
2.756655
2.755333
2.753358
2.748455
2.748293
2.745677
2.745530
2.735316
2.587349
2.761051
2.761051
2.765569
2.774463
2.762109
2.776384
2.774463
2.768069
2.774463
2.758622
2.769889
2.753037
2.756655
2.769197
2.753503
2.762109
2.761051
2.755333
2.723223
2.735316
2.751569
2.755333
2.760978
2.745348
2.779422
2.773664
2.748932
2.756655
2.756655
2.748293
2.762109
2.770288
2.768069
2.753198
2.766258
2.762078
2.774463
2.774463
2.769889
2.748293
2.773664
2.756655
2.729164
2.757493
2.758086
2.774463
2.753358
2.753503
2.774463
2.773664
2.714331
2.769889
2.761051
2.736573
2.763923
2.748932
2.762025
2.778055
2.744246
2.752858
2.774463
2.762025
2.636655
2.708237
2.764845
2.598555
2.769889
2.768069
2.769889

2.779422
2.779422
2.778055
2.776384
2.774463
2.774463
2.774463
2.774463
2.774463
2.774463
2.774463
2.774463
2.774463
2.774463
2.774463
2.774463
2.774463
2.773664
2.773664
2.773664
2.754217
2.765882
2.765569
2.764845
2.762025
2.756655
2.753358
2.736573
2.773664
2.774463
2.748932
2.774463
2.774463
2.773664
2.774463
2.773664
2.774463
2.779422
2.756655
2.764771
2.774463
2.774463
2.774463
2.774463
2.748203
2.764845
2.779422
2.773664
2.756655
2.756655
2.761227
2.769889
2.779422
2.774463
2.751387
2.774463
2.774463
2.774463
2.764845
2.774463
2.774463
2.733225
2.774463
2.774463
2.779422
2.759623
2.769889
2.774463
2.774463
2.769889
2.774463
2.733882
2.773664
2.774463
2.774463
2.779422
2.754217
2.736573
2.774463
2.757890
2.764771
2.774463
2.774463
2.762025
2.774463
2.769889
2.753185
2.774463
2.774463
2.784627
2.766200
2.774463
2.774463
2.765882
2.755333
2.774463
2.752540
2.765882
2.774463
2.774463
2.770517

2.784627
2.779422
2.779422
2.779422
2.779422
2.779422
2.779422
2.779422
2.778055
2.776384
2.774463
2.774463
2.774463
2.774463
2.774463
2.774463
2.774463
2.774463
2.774463
2.774463
2.774463
2.769889
2.766200
2.764845
2.762025
2.779422
2.779422
2.779422
2.751387
2.774463
2.714851
2.774463
2.774463
2.773664
2.774463
2.774463
2.779422
2.778747
2.774463
2.774463
2.751387
2.779422
2.757156
2.779422
2.774463
2.774463
2.774463
2.779422
2.774463
2.764845
2.777158
2.764845
2.774463
2.778055
2.773664
2.764845
2.774463
2.762025
2.774463
2.762515
2.774463
2.773664
2.779422
2.795181
2.774463
2.759623
2.774463
2.779422
2.779422
2.702270
2.774463
2.774463
2.779422
2.774463
2.769889
2.774463
2.764845
2.779422
2.774463
2.810164
2.779422
2.774463
2.810164
2.764845
2.774463
2.751387
2.810164
2.779422
2.774463
2.774463
2.774463
2.774463
2.774463
2.773664
2.774463
2.810164
2.788837
2.779422
2.774463
2.770288
2.778747

2.810164
2.810164
2.810164
2.810164
2.795181
2.788837
2.784627
2.779422
2.779422
2.779422
2.779422
2.779422
2.779422
2.779422
2.779422
2.779422
2.779422
2.779422
2.779422
2.779422
2.779422
2.778055
2.776384
2.774463
2.774463
2.774463
2.774463
2.774463
2.774463
2.764845
2.762025
2.702270
2.810164
2.774463
2.778747
2.786686
2.779422
2.783136
2.774463
2.795181
2.810164
2.784627
2.774463
2.702270
2.779422
2.810164
2.780057
2.810164
2.779422
2.779422
2.730235
2.778747
2.785212
2.784627
2.810164
2.779422
2.702270
2.779422
2.774463
2.779422
2.768376
2.806450
2.810164
2.774463
2.779422
2.764845
2.774463
2.770288
2.779422
2.776384
2.783136
2.784627
2.779422
2.770288
2.803474
2.762025
2.771019
2.783136
2.777158
2.779422
2.810164
2.779422
2.779422
2.810164
2.779422
2.702270
2.777158
2.765606
2.810164
2.784627
2.749720
2.751387
2.702270
2.774463
2.810164
2.779422
2.770288
2.779422
2.764663
2.744051
2.774463

2.810164
2.810164
2.810164
2.810164
2.810164
2.810164
2.810164
2.810164
2.810164
2.810164
2.810164
2.810164
2.810164
2.810164
2.806450
2.803474
2.795181
2.795181
2.788837
2.786686
2.784627
2.779422
2.779422
2.774463
2.751387
2.702270
2.702270
2.702270
2.810164
2.779422
2.729337
2.787273
2.795181
2.750686
2.774463
2.810164
2.810164
2.810164
2.810164
2.702270
2.810164
2.710178
2.779422
2.779422
2.810164
2.810164
2.784627
2.810164
2.779422
2.810164
2.810164
2.742074
2.810164
2.810164
2.810164
2.810164
2.810164
2.810164
2.803474
2.810164
2.810164
2.810164
2.790611
2.810164
2.786686
2.774463
2.751387
2.810164
2.810164
2.810164
2.810164
2.810164
2.810164
2.702270
2.774463
2.769464
2.779422
2.810164
2.795181
2.786686
2.810164
2.729337
2.779422
2.760928
2.771019
2.810164
2.742885
2.788837
2.802154
2.810164
2.779422
2.810164
2.810164
2.702270
2.779422
2.771414
2.783136
2.810164
2.795181
2.722077
2.810164

2.810164
2.810164
2.810164
2.810164
2.810164
2.810164
2.810164
2.810164
2.810164
2.810164
2.810164
2.810164
2.810164
2.810164
2.810164
2.810164
2.810164
2.810164
2.810164
2.810164
2.810164
2.810164
2.810164
2.810164
2.810164
2.810164
2.810164
2.788837
2.786686
2.784627
2.779422
2.774463
2.774463
2.751387
2.719743
2.710178
2.803474
2.810164
2.810164
2.774463
2.810164
2.810164
2.810164
2.810164
2.810164
2.779422
2.810164
2.810164
2.810164
2.810164
2.810164
2.810164
2.810164
2.810164
2.810164
2.789740
2.810164
2.810164
2.810164
2.774463
2.810164
2.810164
2.779422
2.755333
2.810164
2.810164
2.810164
2.810164
2.810164
2.710178
2.784627
2.810164
2.792372
2.774463
2.810164
2.785212
2.810164
2.810164
2.795536
2.810164
2.783136
2.810164
2.810164
2.810164
2.810164
2.784627
2.810164
2.810164
2.810164
2.810164
2.784627
2.810164
2.810164
2.810164
2.729337
2.810164
2.753755
2.774463
2.810164
2.810164
2.810164

2.810164
2.810164
2.810164
2.810164
2.810164
2.810164
2.810164
2.810164
2.810164
2.817588
2.810164
2.810164
2.810164
2.810164
2.810164
2.810164
2.810164
2.810164
2.810164
2.810164
2.810164
2.810164
2.810164
2.810164
2.810164
2.810164
2.810164
2.795536
2.789740
2.774463
2.774463
2.755333
2.751387
2.729337
2.779422
2.810164
2.817588
2.749768
2.810164
2.810164
2.810164
2.789740
2.751387
2.817588
2.774463
2.810164
2.810164
2.729337
2.810164
2.729337
2.810164
2.817588
2.755333
2.810164
2.774463
2.810164
2.729337
2.810164
2.810164
2.810164
2.810164
2.729337
2.810164
2.810164
2.810164
2.774463
2.810164
2.810164
2.810164
2.810164
2.810164
2.810164
2.810164
2.810164
2.810164
2.810164
2.810164
2.810164
2.810164
2.810164
2.810164
2.774463
2.810164
2.795536
2.774463
2.810164
2.787273
2.810164
2.810164
2.810164
2.789740
2.774463
2.810164
2.789740
2.810164
2.810164
2.810164
2.810164
2.810164
2.810164
2.755005

2.817588
2.817588
2.817588
2.817588
2.810164
2.810164
2.810164
2.810164
2.810164
2.810164
2.810164
2.810164
2.810164
2.810164
2.810164
2.810164
2.810164
2.810164
2.810164
2.810164
2.810164
2.810164
2.810164
2.810164
2.810164
2.810164
2.774463
2.755333
2.810164
2.810164
2.810164
2.810164
2.810164
2.810164
2.810164
2.810164
2.810164
2.810164
2.810164
2.817588
2.817588
2.810164
2.810164
2.810164
2.817588
2.810164
2.810164
2.810164
2.810164
2.810164
2.810164
2.810164
2.810164
2.810164
2.810164
2.755333
2.810164
2.817588
2.810164
2.810164
2.810164
2.810164
2.810164
2.774463
2.810164
2.817588
2.810164
2.810164
2.810164
2.810164
2.810164
2.817588
2.810164
2.810164
2.810164
2.810164
2.810164
2.810164
2.817588
2.810164
2.810164
2.810164
2.810164
2.810164
2.810164
2.810164
2.750508
2.817588
2.810164
2.810164
2.817588
2.810164
2.817588
2.810164
2.810164
2.817588
2.810164
2.810164
2.810164
2.810164
2.810164

2.817588
2.817588
2.817588
2.817588
2.817588
2.817588
2.817588
2.817588
2.817588
2.817588
2.817588
2.817588
2.817588
2.817588
2.817588
2.810164
2.810164
2.810164
2.810164
2.810164
2.810164
2.810164
2.810164
2.774463
2.817588
2.817588
2.817588
2.817588
2.817588
2.810164
2.817588
2.810164
2.810164
2.817588
2.817588
2.810164
2.810164
2.817588
2.817588
2.817588
2.810164
2.817588
2.817588
2.817588
2.817588
2.787820
2.817588
2.817588
2.810164
2.817588
2.817588
2.810164
2.817588
2.810164
2.810164
2.810164
2.810164
2.817588
2.817588
2.787820
2.817588
2.810164
2.810164
2.817588
2.817588
2.787820
2.817588
2.817588
2.817588
2.810164
2.817588
2.810164
2.817588
2.810164
2.810164
2.810164
2.817588
2.810164
2.817588
2.817588
2.817588
2.817588
2.810164
2.810164
2.817588
2.817588
2.745645
2.817588
2.817588
2.817588
2.810164
2.810164
2.817588
2.810164
2.817588
2.810164
2.817588
2.817588
2.817588
2.810164
2.810164

2.817588
2.817588
2.817588
2.817588
2.817588
2.817588
2.817588
2.817588
2.817588
2.817588
2.817588
2.817588
2.817588
2.817588
2.817588
2.817588
2.817588
2.817588
2.817588
2.817588
2.817588
2.817588
2.810164
2.810164
2.810164
2.810164
2.810164
2.745645
2.817588
2.817588
2.817588
2.817588
2.817588
2.817588
2.817588
2.817588
2.817588
2.810164
2.817588
2.817588
2.810164
2.817588
2.817588
2.817588
2.817588
2.817588
2.810164
2.817588
2.810164
2.817588
2.817588
2.817588
2.817588
2.763682
2.817588
2.817588
2.817588
2.817588
2.810164
2.810164
2.817588
2.817588
2.810164
2.817588
2.817588
2.763682
2.817588
2.763682
2.817588
2.810164
2.817588
2.817588
2.817588
2.817588
2.817588
2.817588
2.810164
2.817588
2.810164
2.817588
2.817588
2.817588
2.817588
2.810164
2.817588
2.763682
2.817588
2.817588
2.817588
2.810164
2.817588
2.810164
2.817588
2.810164
2.817588
2.817588
2.786235
2.817588
2.817588
2.817588
2.817588

2.817588
2.817588
2.817588
2.817588
2.817588
2.817588
2.800464
2.817588
2.817588
2.817588
2.817588
2.817588
2.817588
2.817588
2.817588
2.817588
2.817588
2.817588
2.817588
2.817588
2.817588
2.817588
2.817588
2.810164
2.810164
2.817588
2.817588
2.800464
2.810164
2.817588
2.817588
2.817588
2.817588
2.817588
2.817588
2.810164
2.817588
2.817588
2.817588
2.817588
2.817588
2.817588
2.817588
2.817588
2.817588
2.810164
2.817588
2.817588
2.817588
2.817588
2.817588
2.817588
2.817588
2.817588
2.817588
2.817588
2.817588
2.817588
2.817588
2.817588
2.817588
2.800464
2.817588
2.817588
2.817588
2.817588
2.817588
2.810164
2.817588
2.817588
2.817588
2.817588
2.817588
2.817588
2.810164
2.817588
2.817588
2.817588
2.817588
2.817588
2.817588
2.817588
2.817588
2.817588
2.817588
2.817588
2.817588
2.817588
2.817588
2.817588
2.817588
2.817588
2.817588
2.817588
2.817588
2.817588
2.817588
2.817588
2.817588
2.817588
2.817588

2.817588
2.817588
2.817588
2.817588
2.817588
2.817588
2.817588
2.817588
2.817588
2.817588
2.817588
2.817588
2.817588
2.817588
2.817588
2.817588
2.817588
2.817588
2.817588
2.817588
2.817588
2.817588
2.817588
2.817588
2.817588
2.817588
2.817588
2.800464
2.817588
2.817588
2.817588
2.817588
2.817588
2.817588
2.817588
2.817588
2.817588
2.817588
2.817588
2.817588
2.817588
2.817588
2.817588
2.817588
2.817588
2.817588
2.817588
2.817588
2.817588
2.817588
2.817588
2.817588
2.817588
2.817588
2.817588
2.817588
2.817588
2.817588
2.817588
2.817588
2.817588
2.817588
2.817588
2.817588
2.817588
2.800464
2.800464
2.817588
2.817588
2.817588
2.817588
2.800464
2.817588
2.817588
2.817588
2.817588
2.817588
2.817588
2.817588
2.817588
2.817588
2.817588
2.817588
2.817588
2.817588
2.817588
2.817588
2.817588
2.817588
2.817588
2.817588
2.817588
2.817588
2.817588
2.817588
2.817588
2.817588
2.817588
2.817588
2.817588
2.800464

2.817588
2.817588
2.817588
2.817588
2.817588
2.817588
2.817588
2.817588
2.817588
2.817588
2.817588
2.817588
2.817588
2.817588
2.817588
2.817588
2.817588
2.817588
2.817588
2.817588
2.817588
2.817588
2.817588
2.817588
2.817588
2.817588
2.817588
2.817588
2.817588
2.817588
2.817588
2.817588
2.817588
2.817588
2.817588
2.817588
2.817588
2.817588
2.817588
2.817588
2.817588
2.817588
2.817588
2.817588
2.817588
2.817588
2.817588
2.817588
2.817588
2.817588
2.817588
2.817588
2.817588
2.817588
2.817588
2.817588
2.817588
2.817588
2.817588
2.817588
2.817588
2.817588
2.817588
2.817588
2.817588
2.817588
2.817588
2.817588
2.817588
2.817588
2.817588
2.817588
2.817588
2.817588
2.817588
2.817588
2.817588
2.817588
2.817588
2.817588
2.817588
2.817588
2.817588
2.817588
2.817588
2.817588
2.817588
2.817588
2.817588
2.817588
2.817588
2.817588
2.817588
2.817588
2.817588
2.817588
2.817588
2.817588
2.817588
2.817588
2.817588

2.817588
2.817588
2.817588
2.817588
2.817588
2.817588
2.817588
2.817588
2.817588
2.817588
2.817588
2.817588
2.817588
2.817588
2.817588
2.817588
2.817588
2.829416
2.817588
2.817588
2.817588
2.817588
2.817588
2.817588
2.817588
2.817588
2.817588
2.817588
2.817588
2.817588
2.817588
2.817588
2.817588
2.817588
2.817588
2.817588
2.817588
2.817588
2.817588
2.817588
2.817588
2.817588
2.817588
2.817588
2.817588
2.817588
2.817588
2.817588
2.817588
2.817588
2.817588
2.817588
2.817588
2.817588
2.817588
2.817588
2.817588
2.817588
2.829416
2.829416
2.817588
2.817588
2.817588
2.817588
2.817588
2.817588
2.817588
2.817588
2.817588
2.817588
2.817588
2.817588
2.817588
2.817588
2.817588
2.817588
2.817588
2.817588
2.817588
2.817588
2.817588
2.817588
2.829416
2.817588
2.817588
2.829416
2.817588
2.817588
2.817588
2.817588
2.817588
2.817588
2.817588
2.817588
2.817588
2.817588
2.817588
2.829416
2.817588
2.817588
2.817588

2.829416
2.829416
2.829416
2.829416
2.829416
2.829416
2.817588
2.817588
2.817588
2.817588
2.817588
2.817588
2.817588
2.817588
2.817588
2.817588
2.817588
2.817588
2.817588
2.817588
2.817588
2.817588
2.817588
2.817588
2.817588
2.817588
2.817588
2.817588
2.817588
2.817588
2.817588
2.817588
2.817588
2.817588
2.817588
2.817588
2.817588
2.817588
2.829416
2.817588
2.817588
2.829416
2.817588
2.817588
2.829416
2.829416
2.817588
2.817588
2.817588
2.817588
2.817588
2.829416
2.817588
2.817588
2.817588
2.817588
2.829416
2.817588
2.817588
2.817588
2.829416
2.817588
2.817588
2.817588
2.829416
2.817588
2.817588
2.817588
2.817588
2.829416
2.817588
2.817588
2.817588
2.829416
2.817588
2.817588
2.817588
2.817588
2.817588
2.817588
2.817588
2.817588
2.829416
2.817588
2.817588
2.817588
2.817588
2.817588
2.817588
2.829416
2.817588
2.829416
2.817588
2.829416
2.817588
2.817588
2.817588
2.817588
2.817588
2.817588
2.817588

2.829416
2.829416
2.829416
2.829416
2.829416
2.829416
2.829416
2.829416
2.829416
2.829416
2.829416
2.829416
2.829416
2.829416
2.829416
2.829416
2.829416
2.829416
2.829416
2.829416
2.817588
2.817588
2.817588
2.817588
2.817588
2.817588
2.817588
2.829416
2.829416
2.829416
2.829416
2.829416
2.829416
2.829416
2.817588
2.829416
2.829416
2.829416
2.817588
2.817588
2.829416
2.829416
2.829416
2.829416
2.817588
2.829416
2.829416
2.829416
2.817588
2.829416
2.817588
2.817588
2.829416
2.829416
2.829416
2.817588
2.829416
2.817588
2.829416
2.817588
2.829416
2.829416
2.829416
2.829416
2.817588
2.817588
2.829416
2.829416
2.817588
2.829416
2.829416
2.829416
2.829416
2.829416
2.829416
2.817588
2.829416
2.829416
2.829416
2.817588
2.829416
2.829416
2.817588
2.817588
2.817588
2.817588
2.829416
2.829416
2.817588
2.829416
2.829416
2.829416
2.829416
2.829416
2.829416
2.829416
2.817588
2.829416
2.829416
2.829416
2.829416

2.829416
2.829416
2.829416
2.829416
2.829416
2.829416
2.829416
2.829416
2.829416
2.829416
2.829416
2.829416
2.829416
2.829416
2.829416
2.829416
2.829416
2.829416
2.829416
2.829416
2.829416
2.829416
2.829416
2.829416
2.817588
2.817588
2.829416
2.829416
2.829416
2.829416
2.817588
2.829416
2.829416
2.829416
2.829416
2.829416
2.829416
2.829416
2.829416
2.829416
2.829416
2.829416
2.817588
2.829416
2.817588
2.829416
2.829416
2.829416
2.829416
2.829416
2.829416
2.829416
2.829416
2.829416
2.829416
2.829416
2.829416
2.829416
2.829416
2.829416
2.829416
2.829416
2.817588
2.829416
2.829416
2.829416
2.829416
2.829416
2.829416
2.829416
2.829416
2.829416
2.829416
2.817588
2.829416
2.829416
2.829416
2.829416
2.829416
2.829416
2.829416
2.829416
2.817588
2.829416
2.829416
2.829416
2.829416
2.829416
2.829416
2.817588
2.829416
2.829416
2.829416
2.829416
2.829416
2.817588
2.829416
2.829416
2.829416
2.829416
2.829416

2.829416
2.829416
2.829416
2.829416
2.829416
2.829416
2.829416
2.829416
2.829416
2.829416
2.829416
2.829416
2.829416
2.829416
2.803447
2.829416
2.829416
2.829416
2.829416
2.829416
2.829416
2.829416
2.829416
2.829416
2.829416
2.829416
2.829416
2.829416
2.817588
2.817588
2.829416
2.799033
2.817588
2.812239
2.829416
2.817588
2.829416
2.829416
2.829416
2.829416
2.829416
2.829416
2.829416
2.829416
2.829416
2.829416
2.829416
2.829416
2.829416
2.829416
2.829416
2.829416
2.829416
2.829416
2.829416
2.815889
2.829416
2.829416
2.829416
2.829416
2.829416
2.829416
2.829416
2.829416
2.829416
2.829416
2.829416
2.829416
2.829416
2.817588
2.829416
2.829416
2.829416
2.829416
2.829416
2.829416
2.829416
2.829416
2.829416
2.793910
2.829416
2.829416
2.829416
2.829416
2.829416
2.829416
2.829416
2.817588
2.829416
2.829416
2.829416
2.829416
2.829416
2.829416
2.829416
2.829416
2.829416
2.806041
2.829416
2.829416
2.829416

2.829416
2.829416
2.829416
2.829416
2.829416
2.829416
2.829416
2.829416
2.829416
2.829416
2.829416
2.829416
2.829416
2.829416
2.829416
2.829416
2.829416
2.829416
2.829416
2.829416
2.829416
2.829416
2.829416
2.829416
2.829416
2.829416
2.817588
2.829416
2.829416
2.817588
2.829416
2.829416
2.829416
2.829416
2.829416
2.829416
2.829416
2.829416
2.829416
2.829416
2.829416
2.829416
2.829416
2.829416
2.829416
2.829416
2.829416
2.817588
2.829416
2.829416
2.829416
2.829416
2.829416
2.829416
2.829416
2.829416
2.829416
2.829416
2.829416
2.829416
2.829416
2.829416
2.829416
2.829416
2.817588
2.829416
2.829416
2.829416
2.829416
2.829416
2.829416
2.829416
2.829416
2.829416
2.829416
2.829416
2.829416
2.829416
2.829416
2.829416
2.829416
2.829416
2.829416
2.829416
2.829416
2.829416
2.829416
2.829416
2.829416
2.829416
2.829416
2.829416
2.829416
2.829416
2.829416
2.829416
2.829416
2.817588
2.829416
2.829416
2.829416

2.829416
2.829416
2.829416
2.829416
2.829416
2.829416
2.802524
2.829416
2.829416
2.829416
2.829416
2.829416
2.829416
2.829416
2.829416
2.829416
2.829416
2.829416
2.829416
2.829416
2.829416
2.829416
2.829416
2.829416
2.829416
2.829416
2.829416
2.829416
2.829416
2.829416
2.829416
2.829416
2.829416
2.829416
2.829416
2.829416
2.829416
2.829416
2.829416
2.829416
2.829416
2.829416
2.829416
2.829416
2.802524
2.829416
2.829416
2.829416
2.829416
2.829416
2.829416
2.829416
2.829416
2.829416
2.829416
2.829416
2.829416
2.829416
2.829416
2.829416
2.829416
2.829416
2.829416
2.829416
2.829416
2.829416
2.829416
2.829416
2.829416
2.829416
2.829416
2.829416
2.829416
2.829416
2.829416
2.829416
2.829416
2.829416
2.829416
2.829416
2.829416
2.829416
2.829416
2.802524
2.829416
2.829416
2.829416
2.829416
2.829416
2.829416
2.829416
2.829416
2.829416
2.829416
2.829416
2.829416
2.829416
2.829416
2.829416
2.829416
2.829416

2.829416
2.829416
2.829416
2.829467
2.829416
2.829416
2.829416
2.829416
2.829416
2.829416
2.829416
2.829416
2.829416
2.829416
2.829416
2.829416
2.829416
2.829416
2.829416
2.829416
2.829416
2.829416
2.829416
2.829416
2.829416
2.829416
2.829416
2.829416
2.829416
2.829416
2.829416
2.829416
2.829416
2.829416
2.829416
2.829416
2.829416
2.829416
2.829416
2.829416
2.829416
2.829416
2.829416
2.829416
2.829416
2.829416
2.829416
2.829416
2.829416
2.829416
2.829416
2.829416
2.829416
2.829416
2.829467
2.829416
2.829416
2.829467
2.829416
2.829416
2.829416
2.829416
2.829416
2.829416
2.829467
2.829416
2.829416
2.829416
2.829416
2.829416
2.829467
2.829416
2.829416
2.829416
2.829416
2.829416
2.829416
2.829416
2.829416
2.829416
2.829467
2.829416
2.829416
2.829416
2.829416
2.829416
2.829416
2.829416
2.829416
2.829416
2.829416
2.829416
2.829416
2.829416
2.829416
2.829416
2.829416
2.829416
2.829416
2.829416
2.829416

2.829467
2.829467
2.829467
2.829467
2.829467
2.829467
2.829416
2.829416
2.829416
2.829416
2.829416
2.829416
2.829416
2.829416
2.829416
2.829416
2.829416
2.829416
2.829416
2.829416
2.829416
2.829416
2.829416
2.829416
2.829416
2.829416
2.829416
2.829416
2.829416
2.829416
2.829416
2.829416
2.829416
2.829416
2.829416
2.829416
2.829416
2.829416
2.829416
2.829467
2.829416
2.829416
2.829416
2.829416
2.829416
2.829416
2.829467
2.829416
2.829416
2.829416
2.829416
2.829416
2.829416
2.829416
2.829416
2.829416
2.829416
2.829416
2.829467
2.829416
2.829416
2.829416
2.829467
2.829416
2.829416
2.829416
2.829467
2.829416
2.829416
2.829416
2.829416
2.829416
2.829416
2.829416
2.829416
2.829416
2.829416
2.829416
2.829416
2.829416
2.829416
2.829416
2.829416
2.829416
2.829416
2.829416
2.829416
2.829416
2.829416
2.829416
2.829416
2.829416
2.829467
2.829416
2.829416
2.829416
2.829416
2.829416
2.829416
2.829416
2.829416

2.829467
2.829467
2.829467
2.829467
2.829467
2.829467
2.829467
2.829467
2.829467
2.829467
2.829467
2.829467
2.829416
2.829416
2.829416
2.829416
2.829416
2.829416
2.829416
2.829416
2.829416
2.829416
2.829416
2.829416
2.829416
2.829416
2.829416
2.829416
2.829416
2.829416
2.829467
2.829416
2.829467
2.829416
2.829467
2.829467
2.829467
2.829416
2.829416
2.829416
2.829467
2.829467
2.829467
2.829467
2.829467
2.829416
2.829416
2.829416
2.829416
2.829416
2.829467
2.829416
2.829416
2.829416
2.829416
2.829416
2.829467
2.829416
2.829416
2.829416
2.829467
2.829467
2.829416
2.829416
2.829416
2.829416
2.829416
2.829416
2.829416
2.829416
2.829467
2.829416
2.829416
2.829416
2.829416
2.829416
2.829416
2.829416
2.829467
2.829416
2.829416
2.829416
2.829416
2.829467
2.829416
2.829416
2.829416
2.829416
2.829416
2.829416
2.829416
2.829416
2.829467
2.829467
2.829416
2.829467
2.829467
2.829467
2.829416
2.829416
2.829416

2.829467
2.829467
2.829467
2.829467
2.829467
2.829467
2.829467
2.829467
2.829467
2.829467
2.829467
2.829467
2.829467
2.829467
2.829467
2.829467
2.829467
2.829467
2.829467
2.829467
2.829416
2.829416
2.829416
2.829416
2.829416
2.829416
2.829416
2.829416
2.829416
2.829416
2.829416
2.829416
2.829467
2.829467
2.829416
2.829467
2.829467
2.829416
2.829467
2.829467
2.829467
2.829467
2.829467
2.829467
2.829467
2.829467
2.829416
2.829467
2.829416
2.829416
2.829416
2.829467
2.829416
2.829467
2.829416
2.829467
2.829416
2.829467
2.829416
2.829467
2.829416
2.829416
2.829467
2.829467
2.829467
2.829467
2.829467
2.829467
2.829467
2.829416
2.829467
2.829467
2.829467
2.829467
2.829467
2.829416
2.829467
2.829467
2.829416
2.829467
2.829467
2.829467
2.829467
2.829467
2.829416
2.829467
2.829416
2.829416
2.829416
2.829467
2.829467
2.829467
2.829467
2.829467
2.829467
2.829467
2.829467
2.829467
2.829416
2.829416
2.829416

2.829467
2.829467
2.829467
2.829467
2.829467
2.829467
2.829467
2.829467
2.829467
2.829467
2.829467
2.829467
2.829467
2.829467
2.829467
2.829467
2.829467
2.811126
2.829467
2.829467
2.829467
2.829467
2.829467
2.829416
2.829416
2.829416
2.829416
2.829467
2.829416
2.829467
2.829467
2.829467
2.829467
2.829467
2.829467
2.829467
2.829416
2.829467
2.829467
2.829467
2.829467
2.829467
2.829467
2.829467
2.829467
2.829416
2.829416
2.829467
2.829467
2.829467
2.829467
2.829467
2.829467
2.829467
2.829467
2.829467
2.829467
2.829467
2.829416
2.829467
2.829467
2.811126
2.829467
2.829467
2.829467
2.829467
2.829467
2.829416
2.829467
2.829467
2.829467
2.829416
2.829467
2.829467
2.829467
2.829416
2.829467
2.829467
2.811126
2.829467
2.829467
2.829467
2.829416
2.829467
2.829467
2.829467
2.829467
2.829416
2.829467
2.829467
2.829467
2.829467
2.829467
2.829467
2.829467
2.829467
2.829467
2.829467
2.829416
2.829416
2.829416

2.829467
2.829467
2.829467
2.829467
2.829467
2.829467
2.829467
2.829467
2.829467
2.829467
2.829467
2.829467
2.829467
2.829467
2.829467
2.829467
2.829467
2.829467
2.829467
2.829467
2.829467
2.829467
2.829467
2.829467
2.829467
2.829467
2.829467
2.829467
2.829467
2.829467
2.829416
2.829416
2.829416
2.829467
2.829467
2.829467
2.829467
2.829467
2.829467
2.829467
2.829467
2.829467
2.829467
2.829467
2.829467
2.829467
2.829467
2.829467
2.829467
2.829467
2.829467
2.829467
2.829467
2.829467
2.829467
2.829467
2.829467
2.829467
2.829467
2.829467
2.829467
2.829467
2.829467
2.829467
2.829467
2.829467
2.829467
2.829467
2.829467
2.829467
2.829467
2.829467
2.829467
2.829467
2.829467
2.829467
2.829467
2.829467
2.829467
2.829467
2.829416
2.829467
2.829467
2.829467
2.829467
2.829467
2.829467
2.829467
2.829467
2.829467
2.829467
2.829467
2.829467
2.829467
2.829467
2.829467
2.829467
2.829416
2.829467
2.829467
2.829467

2.829467
2.829467
2.829467
2.829467
2.829467
2.829467
2.829467
2.829467
2.829467
2.829467
2.829467
2.829467
2.829467
2.829467
2.829467
2.829467
2.829467
2.829467
2.829467
2.829467
2.829467
2.829467
2.829467
2.829467
2.829467
2.829467
2.829416
2.829416
2.829467
2.829467
2.829467
2.829467
2.829467
2.829467
2.829467
2.829467
2.829467
2.829467
2.829467
2.829467
2.829467
2.829467
2.829467
2.829467
2.829467
2.829467
2.829467
2.829467
2.829467
2.829467
2.829416
2.829467
2.829467
2.829467
2.829467
2.829467
2.829467
2.829467
2.829467
2.829467
2.829467
2.829467
2.829467
2.829467
2.829467
2.829416
2.829467
2.829467
2.829467
2.829467
2.829467
2.829467
2.829467
2.829467
2.829467
2.829467
2.829467
2.829467
2.829467
2.829467
2.829467
2.829467
2.829467
2.829467
2.829467
2.829416
2.829467
2.829467
2.829467
2.829467
2.829467
2.829467
2.829467
2.829467
2.829467
2.829467
2.829467
2.829467
2.829467
2.829467
2.829467

2.829467
2.829467
2.829467
2.829467
2.829467
2.829467
2.829467
2.829467
2.829467
2.829467
2.829467
2.829467
2.829467
2.829467
2.829467
2.829467
2.829467
2.829467
2.829467
2.829467
2.829467
2.829467
2.829467
2.829467
2.829467
2.829467
2.829467
2.829416
2.829467
2.829467
2.829467
2.829467
2.829467
2.829467
2.829467
2.829467
2.829467
2.829467
2.829467
2.829467
2.829416
2.829467
2.829467
2.829467
2.829467
2.829467
2.829467
2.829467
2.829467
2.829467
2.829467
2.829467
2.829467
2.829467
2.829467
2.829467
2.829467
2.829467
2.829467
2.829467
2.829467
2.829467
2.829467
2.829467
2.829467
2.829467
2.829467
2.829467
2.829467
2.829467
2.829467
2.829467
2.829467
2.829467
2.829467
2.829467
2.829467
2.829467
2.829467
2.829467
2.829467
2.829416
2.829467
2.829467
2.829467
2.829467
2.829467
2.829467
2.829467
2.829467
2.829467
2.829467
2.829467
2.829467
2.829467
2.829467
2.829467
2.829467
2.829467
2.829467
2.829467

2.829467
2.829467
2.829467
2.829467
2.829467
2.829467
2.829467
2.829467
2.829467
2.829467
2.829467
2.829467
2.829467
2.829467
2.829467
2.829467
2.829467
2.829467
2.829467
2.829467
2.829467
2.829467
2.829467
2.829467
2.829467
2.829467
2.829467
2.829467
2.829467
2.829467
2.829467
2.829467
2.829467
2.829467
2.829467
2.829467
2.829467
2.829467
2.829467
2.829467
2.829467
2.829467
2.829467
2.829467
2.829467
2.829467
2.829467
2.829467
2.829467
2.829467
2.829467
2.829467
2.829467
2.829467
2.829467
2.829467
2.829467
2.829467
2.829467
2.829467
2.829467
2.829467
2.829467
2.829467
2.829467
2.829467
2.829467
2.829467
2.829467
2.829467
2.829467
2.829467
2.829467
2.829467
2.829467
2.829467
2.829467
2.829467
2.829467
2.829467
2.829467
2.829467
2.829467
2.829467
2.829467
2.829467
2.829467
2.829467
2.829467
2.829467
2.829467
2.829467
2.829467
2.829467
2.829467
2.829467
2.829467
2.829467
2.829467
2.829467
2.829467

