13338.244725
37841.787084
58914.359427
72602.762595
80472.768439
84653.280379
86735.147435
87909.535380
88295.313065
88337.495987
88473.350652
88461.905878
88426.455700
88453.816284
88452.807331
88484.624275
88371.697938
88432.740462
88429.735261
88460.579708
88495.206311
88454.048451
88501.620672
88447.472072
88470.253843
88443.499975
88536.485948
88434.585040
88454.887218
88474.735621
88468.320208
88509.295791
88433.461936
88466.489719
88469.533243
88365.249805
88437.768726
88426.155057
88361.352784
88452.940433
88470.743210
88460.564881
88411.037664
88283.058178
88339.293910
88444.719118
88377.907267
88411.575012
88384.570041
88367.122041
88375.882408
88448.351733
88373.071652
88404.188001
88443.639478
88462.450407
88482.797553
88387.352442
88413.769749
88588.090334
88473.928158
88481.428884
88542.223383
88610.862639
88657.349368
88640.980252
88615.429869
88523.952760
88565.653261
88529.452396
88535.898366
88529.186534
88617.526125
88601.095080
88571.359047
88611.186908
88647.449333
88544.806005
88540.731688
88606.303133
88565.296553
88565.450849
88598.377706
88572.116187
88560.162161
88578.217546
88526.147484
88616.868509
88516.118363
88537.272158
88550.228885
88548.602488
88506.481073
88632.711766
88625.108879
88579.505790
88638.382052
88547.815663
88600.541553
88543.564515
