17043605012767334.000000
34503455609619288.000000
52626320015574856.000000
54458244666186368.000000
57780710828894576.000000
61695589055528224.000000
70231319528130432.000000
74282613925297936.000000
75752877798063456.000000
72354667313026320.000000
000
77041403534825216.000000
52202796906610152.000000
2494786205429366.500000
4203445543405218.500000
43596250074281232.000000
32665636615885448.000000
820876617954078.750000
4013915138087827.000000
32780764666513192.000000
55024443723446112.000000
27332948854301580.000000
76285388621651968.000000
41184793819895072.000000
24504979243326276.000000
1936427185153366.000000
6554285050845522.000000
3059029197932798.500000
67425661259840392.000000
3392686526574263.500000
26372479296588.558594
3245988712955229.000000
50343056834948512.000000
7454311184879968.000000
85541789248033.062500
823871604619648.875000
11924914823363082.000000
46567559224881.492188
336368030074433.312500
11270082793026.183594
101221198943254.593750
176097189027085.406250
3974835027618528.000000
6410531270941522.000000
1559912552101805.750000
6592848353004518.000000
28207204511860716.000000
1520867840460188.000000
40507541780593368.000000
673392325593251.375000
37597488803686968.000000
3012358335043.466797
379417942961844.937500
21421882564260704.000000
93813386799371.156250
50887910161410488.000000
39687004891940008.000000
76561400191304.171875
6980333870214076.000000
39281255592727.585938
661918898919.928955
17802112357655270.000000
40368907508001360.000000
66843759051466672.000000
77568786843241456.000000
1341138452718393.000000
47609352085258008.000000
25308309421159076.000000
2735055432386293.000000
14101118718.793428
3091380791566430.000000
1423431236751156.500000
1601669741549966.000000
52981227383426552.000000
11427260751992572.000000
21892415623372924.000000
8226427561279086.000000
1822834929156781.250000
69482511464487480.000000
8052093971225714.000000
2807015046001032.500000
80121096850888544.000000
53997055724164600.000000
64416720118457.312500
331590706283373.250000
16444023307587376.000000
56595277851891.312500
73908379863323264.000000
43363624973970112.000000
35064629138315356.000000
204117758052180.812500
41468434883581.984375
47588040333900480.000000
6282501017386945.000000
17360380403071680.000000
77709349186910.906250
205656746412.320709
1935935125188977.250000
11967961368321.271484
5503398806300441.000000
330951570585719.375000
19648474188008520.000000
37738799320268440.000000
18522078346619708.000000
5687516547352026.000000
67491294314498120.000000
1116223888487018.375000
17733810339922.746094
2461502982456047.500000
54891589639772840.000000
10864393526163014.000000
6086007573642874.000000
1040140330.394303
2570013722346650.500000
60292657011414.851562
10621136450554704.000000
660944617826060.625000
30616149785207008.000000
14354215219960.150391
9685588258532410.000000
2191889449695569.250000
405840042664512.000000
159674722038.279541
45777771700348712.000000
507883595376571.562500
3290904842.584767
64370033961924.460938
354297105873358.875000
6670245759684145.000000
7620150744040112.000000
6367479755645.160156
32599694112575912.000000
4306658620059033.000000
28988680227704900.000000
40241067542818616.000000
10608164647029230.000000
17842353335155.691406
1436518744288911.750000
18516371338015708.000000
48992806819205176.000000
5768677515412724.000000
72681622575173.046875
758954019177793.500000
252477173976.138580
4726027128087479.000000
497779916576093.625000
19261597780390312.000000
54009124642643528.000000
662091172170.569458
28885943615780.675781
884106500596138.625000
4829659756235589.000000
19263757499856968.000000
2683153556253.804688
19515701387425952.000000
214906480556.639801
11679601001032364.000000
10105890448779686.000000
1732485396421474.500000
7542969453440200.000000
10945082198031330.000000
7539396956876379.000000
11392628072779914.000000
4024973179038335.000000
123785078770361.078125
214816690373579.187500
62577908388651232.000000
67799434270264800.000000
1375808656758.734131
4026284827037.528320
32539590395.884224
4058154798159720.500000
27146872947112844.000000
12095222001203298.000000
448734369882007.687500
79824625396453440.000000
28936998944156.542969
472178079311.790771
32942804163614156.000000
9474214961365878.000000
42784953843349656.000000
1351981417464.165039
51204193050388224.000000
11663083643475622.000000
1436720433791113.000000
55884544842246952.000000
566860265809754.000000
4804342335270197.000000
40237174867126360.000000
51421049910330776.000000
1009256120643292.500000
74960921202029.546875
44324474252197672.000000
33842112276233428.000000
1088374648884.070435
74196216303171568.000000
16674586537987200.000000
13205767754718042.000000
4161640902935751.000000
4491737420929269.500000

81549157552636768.000000
80121096850888544.000000
79824625396453440.000000
77568786843241456.000000
77041403534825216.000000
76285388621651968.000000
74196216303171568.000000
28730070635080856.000000
69482511464487480.000000
67799434270264800.000000
67491294314498120.000000
67425661259840392.000000
586330078884222.000000
66175188635220432.000000
189500707968330.375000
58574577313371160.000000
55884544842246952.000000
55024443723446112.000000
54891589639772840.000000
54009124642643528.000000
53997055724164600.000000
52981227383426552.000000
52202796906610152.000000
51421049910330776.000000
51204193050388224.000000
50887910161410488.000000
50343056834948512.000000
48992806819205176.000000
47609352085258008.000000
47588040333900480.000000
45777771700348712.000000
44324474252197672.000000
43596250074281232.000000
4381069012561509.500000
42784953843349656.000000
41184793819895072.000000
40507541780593368.000000
40368907508001360.000000
40241067542818616.000000
40237174867126360.000000
39687004891940008.000000
37738799320268440.000000
32942804163614156.000000
28207204511860716.000000
27332948854301580.000000
27146872947112844.000000
19648474188008520.000000
16674586537987200.000000
11924914823363082.000000
11427260751992572.000000
11392628072779914.000000
7620150744040112.000000
7542969453440200.000000
6554285050845522.000000
6282501017386945.000000
6086007573642874.000000
5687516547352026.000000
4231913549885540.500000
4203445543405218.500000
4161640902935751.000000
4024973179038335.000000
3091380791566430.000000
2461502982456047.500000
1601669741549966.000000
884106500596138.625000
507883595376571.562500
448734369882007.687500
354297105873358.875000
331590706283373.250000
76561400191304.171875
56910209684994880.000000
64370033961924.460938
46567559224881.492188
41468434883581.984375
28936998944156.542969
28885943615780.675781
80950086907954384.000000
17733810339922.746094
4026284827037.528320
1375808656758.734131
76285388621651968.000000
52981227383426552.000000
32942804163614156.000000
1375808656758.734131
7620150744040112.000000
48992806819205176.000000
39687004891940008.000000
586330078884222.000000
40368907508001360.000000
51204193050388224.000000
66175188635220432.000000
7620150744040112.000000
1601669741549966.000000
81549157552636768.000000
40368907508001360.000000
1601669741549966.000000
40368907508001360.000000
67799434270264800.000000
32942804163614156.000000
40241067542818616.000000
40507541780593368.000000
11924914823363082.000000
4026284827037.528320
4024973179038335.000000
64370033961924.460938
69482511464487480.000000
3091380791566430.000000
53997055724164600.000000
40241067542818616.000000
67425661259840392.000000
28885943615780.675781
17733810339922.746094
48992806819205176.000000
354297105873358.875000
28207204511860716.000000
47609352085258008.000000
79824625396453440.000000
40237174867126360.000000
11427260751992572.000000
39687004891940008.000000
44324474252197672.000000
79824625396453440.000000
52981227383426552.000000
11427260751992572.000000
39687004891940008.000000
4381069012561509.500000
81549157552636768.000000
54009124642643528.000000
331590706283373.250000
74196216303171568.000000
51421049910330776.000000
77568786843241456.000000
58574577313371160.000000
40368907508001360.000000
54009124642643528.000000
53997055724164600.000000
50343056834948512.000000
67799434270264800.000000
4203445543405218.500000
64370033961924.460938
80121096850888544.000000
80950086907954384.000000
1601669741549966.000000
4203445543405218.500000
27146872947112844.000000
4024973179038335.000000
19648474188008520.000000
28885943615780.675781
40507541780593368.000000
55024443723446112.000000
28730070635080856.000000
4024973179038335.000000
51204193050388224.000000
67491294314498120.000000
67491294314498120.000000
56910209684994880.000000
40368907508001360.000000
76285388621651968.000000
64370033961924.460938
40368907508001360.000000
4026284827037.528320
77568786843241456.000000
5687516547352026.000000
40241067542818616.000000
448734369882007.687500
39687004891940008.000000
67491294314498120.000000
16674586537987200.000000
32942804163614156.000000
51204193050388224.000000
52981227383426552.000000
4024973179038335.000000
41184793819895072.000000
37738799320268440.000000
54009124642643528.000000
4231913549885540.500000
54891589639772840.000000
1375808656758.734131
331590706283373.250000
48992806819205176.000000
354297105873358.875000
80950086907954384.000000
42784953843349656.000000
37738799320268440.000000
47609352085258008.000000
74196216303171568.000000
51204193050388224.000000
6554285050845522.000000
40507541780593368.000000
2461502982456047.500000
28730070635080856.000000
7620150744040112.000000
40237174867126360.000000
43596250074281232.000000
69482511464487480.000000
77041403534825216.000000
4026284827037.528320
884106500596138.625000
48992806819205176.000000
52202796906610152.000000

81549157552636768.000000
81549157552636768.000000
81549157552636768.000000
80950086907954384.000000
80950086907954384.000000
80950086907954384.000000
80121096850888544.000000
80121096850888544.000000
79824625396453440.000000
79824625396453440.000000
79824625396453440.000000
77568786843241456.000000
77568786843241456.000000
77568786843241456.000000
34722462146481976.000000
77041403534825216.000000
76285388621651968.000000
76285388621651968.000000
76285388621651968.000000
74196216303171568.000000
74196216303171568.000000
74196216303171568.000000
69482511464487480.000000
69482511464487480.000000
69482511464487480.000000
67799434270264800.000000
67799434270264800.000000
67799434270264800.000000
67491294314498120.000000
67491294314498120.000000
67491294314498120.000000
67491294314498120.000000
67425661259840392.000000
67425661259840392.000000
66175188635220432.000000
66175188635220432.000000
58574577313371160.000000
58574577313371160.000000
56910209684994880.000000
56910209684994880.000000
54009124642643528.000000
53997055724164600.000000
51204193050388224.000000
51204193050388224.000000
50343056834948512.000000
48992806819205176.000000
43596250074281232.000000
43596250074281232.000000
41184793819895072.000000
40507541780593368.000000
40507541780593368.000000
40507541780593368.000000
40237174867126360.000000
39687004891940008.000000
32942804163614156.000000
19648474188008520.000000
16674586537987200.000000
11924914823363082.000000
11392628072779914.000000
4381069012561509.500000
4231913549885540.500000
4203445543405218.500000
4024973179038335.000000
4024973179038335.000000
2461502982456047.500000
1601669741549966.000000
884106500596138.625000
586330078884222.000000
76561400191304.171875
28885943615780.675781
28885943615780.675781
28885943615780.675781
4026284827037.528320
4026284827037.528320
39687004891940008.000000
11924914823363082.000000
76285388621651968.000000
586330078884222.000000
4381069012561509.500000
74196216303171568.000000
69482511464487480.000000
4381069012561509.500000
67491294314498120.000000
69482511464487480.000000
67491294314498120.000000
69482511464487480.000000
40237174867126360.000000
43596250074281232.000000
80121096850888544.000000
56910209684994880.000000
79824625396453440.000000
56910209684994880.000000
80950086907954384.000000
50343056834948512.000000
67491294314498120.000000
69482511464487480.000000
34722462146481976.000000
56910209684994880.000000
77041403534825216.000000
76285388621651968.000000
80950086907954384.000000
80950086907954384.000000
51204193050388224.000000
76285388621651968.000000
884106500596138.625000
56910209684994880.000000
28885943615780.675781
39687004891940008.000000
40237174867126360.000000
56910209684994880.000000
79824625396453440.000000
4026284827037.528320
77568786843241456.000000
40507541780593368.000000
67799434270264800.000000
586330078884222.000000
54009124642643528.000000
66175188635220432.000000
79824625396453440.000000
11924914823363082.000000
77568786843241456.000000
67491294314498120.000000
69482511464487480.000000
69482511464487480.000000
51204193050388224.000000
4026284827037.528320
79824625396453440.000000
34722462146481976.000000
74196216303171568.000000
76561400191304.171875
67491294314498120.000000
67491294314498120.000000
76561400191304.171875
2461502982456047.500000
40507541780593368.000000
4026284827037.528320
4024973179038335.000000
56910209684994880.000000
74196216303171568.000000
81549157552636768.000000
67425661259840392.000000
40507541780593368.000000
77041403534825216.000000
51204193050388224.000000
74196216303171568.000000
40507541780593368.000000
77568786843241456.000000
77041403534825216.000000
67425661259840392.000000
76285388621651968.000000
67491294314498120.000000
76285388621651968.000000
77568786843241456.000000
81549157552636768.000000
81549157552636768.000000
77041403534825216.000000
19648474188008520.000000
4203445543405218.500000
43596250074281232.000000
80950086907954384.000000
80950086907954384.000000
4381069012561509.500000
79824625396453440.000000
80950086907954384.000000
67491294314498120.000000
16674586537987200.000000
81549157552636768.000000
69482511464487480.000000
80121096850888544.000000
40507541780593368.000000
4203445543405218.500000
11924914823363082.000000
79824625396453440.000000
80121096850888544.000000
40507541780593368.000000
28885943615780.675781
19648474188008520.000000
66175188635220432.000000
76285388621651968.000000
40507541780593368.000000
16674586537987200.000000
76285388621651968.000000
69482511464487480.000000
67799434270264800.000000
80950086907954384.000000
69482511464487480.000000
66175188635220432.000000
69482511464487480.000000
74196216303171568.000000
80121096850888544.000000
67491294314498120.000000
80950086907954384.000000
80950086907954384.000000
67491294314498120.000000
67425661259840392.000000
81549157552636768.000000
76285388621651968.000000
40237174867126360.000000
2461502982456047.500000
80950086907954384.000000

81549157552636768.000000
24957766091357.945312
81549157552636768.000000
81549157552636768.000000
81549157552636768.000000
81549157552636768.000000
81549157552636768.000000
81549157552636768.000000
80950086907954384.000000
80950086907954384.000000
80950086907954384.000000
80950086907954384.000000
80950086907954384.000000
80950086907954384.000000
80950086907954384.000000
80950086907954384.000000
80950086907954384.000000
80950086907954384.000000
80950086907954384.000000
80950086907954384.000000
80950086907954384.000000
80121096850888544.000000
80121096850888544.000000
80121096850888544.000000
80121096850888544.000000
24092045958374160.000000
80121096850888544.000000
79824625396453440.000000
79824625396453440.000000
67758255848455104.000000
79824625396453440.000000
79824625396453440.000000
79824625396453440.000000
79824625396453440.000000
79824625396453440.000000
79824625396453440.000000
77568786843241456.000000
77568786843241456.000000
77568786843241456.000000
77568786843241456.000000
77568786843241456.000000
77568786843241456.000000
77041403534825216.000000
77041403534825216.000000
76285388621651968.000000
7585057410576481.000000
74196216303171568.000000
69482511464487480.000000
69482511464487480.000000
69482511464487480.000000
69482511464487480.000000
69482511464487480.000000
67799434270264800.000000
67491294314498120.000000
67491294314498120.000000
67491294314498120.000000
67491294314498120.000000
67491294314498120.000000
67425661259840392.000000
66175188635220432.000000
56910209684994880.000000
5268857980907468.000000
51204193050388224.000000
40507541780593368.000000
40237174867126360.000000
34722462146481976.000000
19648474188008520.000000
19648474188008520.000000
16674586537987200.000000
16674586537987200.000000
11924914823363082.000000
4381069012561509.500000
4381069012561509.500000
4231913549885540.500000
2461502982456047.500000
884106500596138.625000
586330078884222.000000
76561400191304.171875
28885943615780.675781
28885943615780.675781
4026284827037.528320
4026284827037.528320
67425661259840392.000000
24957766091357.945312
74196216303171568.000000
5268857980907468.000000
69482511464487480.000000
67491294314498120.000000
81549157552636768.000000
34722462146481976.000000
16674586537987200.000000
81549157552636768.000000
28885943615780.675781
79824625396453440.000000
19648474188008520.000000
80950086907954384.000000
81549157552636768.000000
67799434270264800.000000
19648474188008520.000000
80950086907954384.000000
81549157552636768.000000
79824625396453440.000000
77041403534825216.000000
79824625396453440.000000
80950086907954384.000000
2461502982456047.500000
586330078884222.000000
2461502982456047.500000
69482511464487480.000000
28885943615780.675781
4026284827037.528320
80121096850888544.000000
69482511464487480.000000
80950086907954384.000000
40507541780593368.000000
4026284827037.528320
884106500596138.625000
80121096850888544.000000
77568786843241456.000000
4026284827037.528320
80950086907954384.000000
69482511464487480.000000
81549157552636768.000000
67491294314498120.000000
28885943615780.675781
81549157552636768.000000
4026284827037.528320
77041403534825216.000000
28885943615780.675781
28885943615780.675781
77568786843241456.000000
4381069012561509.500000
79824625396453440.000000
79824625396453440.000000
19648474188008520.000000
80950086907954384.000000
79824625396453440.000000
586330078884222.000000
24957766091357.945312
76561400191304.171875
81549157552636768.000000
81549157552636768.000000
69482511464487480.000000
81549157552636768.000000
77568786843241456.000000
69482511464487480.000000
28885943615780.675781
40507541780593368.000000
66175188635220432.000000
5268857980907468.000000
586330078884222.000000
80950086907954384.000000
81549157552636768.000000
77568786843241456.000000
80950086907954384.000000
79824625396453440.000000
80950086907954384.000000
4026284827037.528320
19648474188008520.000000
77041403534825216.000000
34722462146481976.000000
16674586537987200.000000
7585057410576481.000000
77568786843241456.000000
77568786843241456.000000
11924914823363082.000000
79824625396453440.000000
80121096850888544.000000
69482511464487480.000000
79824625396453440.000000
4381069012561509.500000
69482511464487480.000000
69482511464487480.000000
80950086907954384.000000
67491294314498120.000000
77568786843241456.000000
16674586537987200.000000
67799434270264800.000000
80121096850888544.000000
79824625396453440.000000
40237174867126360.000000
77568786843241456.000000
80950086907954384.000000
80950086907954384.000000
67491294314498120.000000
77041403534825216.000000
19648474188008520.000000
80121096850888544.000000
2461502982456047.500000
81549157552636768.000000
79824625396453440.000000
19648474188008520.000000
4381069012561509.500000
81549157552636768.000000
16674586537987200.000000
80121096850888544.000000
80950086907954384.000000
77041403534825216.000000
2461502982456047.500000
77568786843241456.000000

81549157552636768.000000
81549157552636768.000000
81549157552636768.000000
81549157552636768.000000
81549157552636768.000000
81549157552636768.000000
81549157552636768.000000
81549157552636768.000000
81549157552636768.000000
81549157552636768.000000
81549157552636768.000000
81549157552636768.000000
81549157552636768.000000
81549157552636768.000000
81549157552636768.000000
81549157552636768.000000
65755313528918416.000000
81549157552636768.000000
81549157552636768.000000
80950086907954384.000000
80950086907954384.000000
80950086907954384.000000
80950086907954384.000000
80950086907954384.000000
80950086907954384.000000
5000441970335.399414
80950086907954384.000000
80950086907954384.000000
80950086907954384.000000
80950086907954384.000000
80950086907954384.000000
18330378489546948.000000
80950086907954384.000000
80950086907954384.000000
80950086907954384.000000
80950086907954384.000000
80950086907954384.000000
80950086907954384.000000
80950086907954384.000000
80950086907954384.000000
80121096850888544.000000
80121096850888544.000000
79824625396453440.000000
79824625396453440.000000
79824625396453440.000000
79824625396453440.000000
79824625396453440.000000
77568786843241456.000000
5239920562391390.000000
77568786843241456.000000
77568786843241456.000000
77041403534825216.000000
77041403534825216.000000
69482511464487480.000000
69482511464487480.000000
69482511464487480.000000
69482511464487480.000000
69482511464487480.000000
1912464570427949.750000
67491294314498120.000000
67425661259840392.000000
40507541780593368.000000
59938632295709400.000000
34722462146481976.000000
34722462146481976.000000
19648474188008520.000000
19648474188008520.000000
19648474188008520.000000
19648474188008520.000000
78532877774342864.000000
11924914823363082.000000
7585057410576481.000000
7585057410576481.000000
5268857980907468.000000
5268857980907468.000000
4381069012561509.500000
70569384521534568.000000
2461502982456047.500000
586330078884222.000000
28885943615780.675781
28885943615780.675781
28885943615780.675781
4026284827037.528320
4026284827037.528320
4026284827037.528320
59938632295709400.000000
18330378489546948.000000
5268857980907468.000000
59938632295709400.000000
80950086907954384.000000
80121096850888544.000000
81549157552636768.000000
80950086907954384.000000
67425661259840392.000000
80950086907954384.000000
80950086907954384.000000
80950086907954384.000000
19648474188008520.000000
5239920562391390.000000
28885943615780.675781
80950086907954384.000000
69482511464487480.000000
78532877774342864.000000
19648474188008520.000000
80121096850888544.000000
80950086907954384.000000
81549157552636768.000000
80950086907954384.000000
79824625396453440.000000
80950086907954384.000000
5268857980907468.000000
40507541780593368.000000
2461502982456047.500000
80950086907954384.000000
80950086907954384.000000
79824625396453440.000000
19648474188008520.000000
80950086907954384.000000
80950086907954384.000000
78532877774342864.000000
81549157552636768.000000
81549157552636768.000000
80950086907954384.000000
80950086907954384.000000
79824625396453440.000000
77568786843241456.000000
81549157552636768.000000
80950086907954384.000000
5239920562391390.000000
586330078884222.000000
80950086907954384.000000
5268857980907468.000000
80950086907954384.000000
69482511464487480.000000
69482511464487480.000000
19648474188008520.000000
80950086907954384.000000
81549157552636768.000000
81549157552636768.000000
7585057410576481.000000
586330078884222.000000
81549157552636768.000000
19648474188008520.000000
69482511464487480.000000
81549157552636768.000000
28885943615780.675781
19648474188008520.000000
80950086907954384.000000
80950086907954384.000000
80950086907954384.000000
81549157552636768.000000
1912464570427949.750000
5239920562391390.000000
586330078884222.000000
79824625396453440.000000
79824625396453440.000000
65755313528918416.000000
67425661259840392.000000
80950086907954384.000000
80950086907954384.000000
80950086907954384.000000
80950086907954384.000000
81549157552636768.000000
19648474188008520.000000
1912464570427949.750000
80121096850888544.000000
4026284827037.528320
81549157552636768.000000
4026284827037.528320
80950086907954384.000000
4026284827037.528320
19648474188008520.000000
5268857980907468.000000
67425661259840392.000000
81549157552636768.000000
81549157552636768.000000
18330378489546948.000000
4026284827037.528320
69482511464487480.000000
77568786843241456.000000
28885943615780.675781
40507541780593368.000000
28885943615780.675781
81549157552636768.000000
80950086907954384.000000
59938632295709400.000000
79824625396453440.000000
80950086907954384.000000
81549157552636768.000000
80950086907954384.000000
67491294314498120.000000
80950086907954384.000000
77041403534825216.000000
81549157552636768.000000
69482511464487480.000000
80950086907954384.000000
79824625396453440.000000
69482511464487480.000000
81549157552636768.000000
11924914823363082.000000

81549157552636768.000000
81549157552636768.000000
81549157552636768.000000
81549157552636768.000000
81549157552636768.000000
81549157552636768.000000
81549157552636768.000000
81549157552636768.000000
37765515780247488.000000
81549157552636768.000000
81549157552636768.000000
81549157552636768.000000
81549157552636768.000000
81549157552636768.000000
81549157552636768.000000
4476550035105091.500000
81549157552636768.000000
25973310156941884.000000
81549157552636768.000000
81549157552636768.000000
81549157552636768.000000
81549157552636768.000000
81549157552636768.000000
81549157552636768.000000
81549157552636768.000000
81549157552636768.000000
81549157552636768.000000
81549157552636768.000000
81549157552636768.000000
9706567782769.658203
81549157552636768.000000
81549157552636768.000000
81549157552636768.000000
81549157552636768.000000
81549157552636768.000000
81549157552636768.000000
80950086907954384.000000
80950086907954384.000000
80950086907954384.000000
80950086907954384.000000
80950086907954384.000000
80950086907954384.000000
77307945939925344.000000
80950086907954384.000000
80950086907954384.000000
80950086907954384.000000
80950086907954384.000000
80950086907954384.000000
80950086907954384.000000
80950086907954384.000000
80121096850888544.000000
80121096850888544.000000
80121096850888544.000000
79824625396453440.000000
78532877774342864.000000
77568786843241456.000000
77041403534825216.000000
69482511464487480.000000
69482511464487480.000000
20566825846576.121094
67425661259840392.000000
67425661259840392.000000
65755313528918416.000000
59938632295709400.000000
40507541780593368.000000
40507541780593368.000000
34722462146481976.000000
12433601014900292.000000
19648474188008520.000000
7585057410576481.000000
57221789578320360.000000
5268857980907468.000000
5239920562391390.000000
5239920562391390.000000
2461502982456047.500000
1912464570427949.750000
586330078884222.000000
586330078884222.000000
28885943615780.675781
28885943615780.675781
28885943615780.675781
4026284827037.528320
81549157552636768.000000
40507541780593368.000000
81549157552636768.000000
80950086907954384.000000
7585057410576481.000000
80950086907954384.000000
65755313528918416.000000
77307945939925344.000000
81549157552636768.000000
40507541780593368.000000
81549157552636768.000000
80121096850888544.000000
80121096850888544.000000
80121096850888544.000000
81549157552636768.000000
67425661259840392.000000
80121096850888544.000000
57221789578320360.000000
40507541780593368.000000
81549157552636768.000000
81549157552636768.000000
37765515780247488.000000
81549157552636768.000000
5268857980907468.000000
81549157552636768.000000
2461502982456047.500000
4026284827037.528320
81549157552636768.000000
81549157552636768.000000
80950086907954384.000000
20566825846576.121094
80950086907954384.000000
81549157552636768.000000
5268857980907468.000000
77041403534825216.000000
80950086907954384.000000
81549157552636768.000000
80121096850888544.000000
37765515780247488.000000
81549157552636768.000000
19648474188008520.000000
81549157552636768.000000
67425661259840392.000000
81549157552636768.000000
81549157552636768.000000
69482511464487480.000000
57221789578320360.000000
80121096850888544.000000
81549157552636768.000000
81549157552636768.000000
81549157552636768.000000
80950086907954384.000000
40507541780593368.000000
81549157552636768.000000
40507541780593368.000000
65755313528918416.000000
81549157552636768.000000
81549157552636768.000000
81549157552636768.000000
80950086907954384.000000
80950086907954384.000000
81549157552636768.000000
28885943615780.675781
80121096850888544.000000
81549157552636768.000000
67425661259840392.000000
40507541780593368.000000
80950086907954384.000000
80950086907954384.000000
37765515780247488.000000
81549157552636768.000000
81549157552636768.000000
59938632295709400.000000
80121096850888544.000000
81549157552636768.000000
81549157552636768.000000
34722462146481976.000000
81549157552636768.000000
81549157552636768.000000
1912464570427949.750000
81549157552636768.000000
80950086907954384.000000
80121096850888544.000000
80950086907954384.000000
80950086907954384.000000
28885943615780.675781
80950086907954384.000000
81549157552636768.000000
81549157552636768.000000
81549157552636768.000000
586330078884222.000000
586330078884222.000000
80950086907954384.000000
80950086907954384.000000
12433601014900292.000000
80121096850888544.000000
81549157552636768.000000
28885943615780.675781
81549157552636768.000000
81549157552636768.000000
5268857980907468.000000
5268857980907468.000000
81549157552636768.000000
81549157552636768.000000
80950086907954384.000000
80950086907954384.000000
9706567782769.658203
12433601014900292.000000
69482511464487480.000000
5239920562391390.000000
80121096850888544.000000
12433601014900292.000000
67425661259840392.000000
81549157552636768.000000
81549157552636768.000000
57221789578320360.000000
4476550035105091.500000
81549157552636768.000000

81549157552636768.000000
81549157552636768.000000
81549157552636768.000000
81549157552636768.000000
81549157552636768.000000
81549157552636768.000000
1788223060646847.750000
81549157552636768.000000
81549157552636768.000000
81549157552636768.000000
81549157552636768.000000
81549157552636768.000000
81549157552636768.000000
81549157552636768.000000
81549157552636768.000000
81549157552636768.000000
81549157552636768.000000
81549157552636768.000000
81549157552636768.000000
81549157552636768.000000
81549157552636768.000000
81549157552636768.000000
81549157552636768.000000
81549157552636768.000000
81549157552636768.000000
81549157552636768.000000
81549157552636768.000000
81549157552636768.000000
81549157552636768.000000
81549157552636768.000000
81549157552636768.000000
81549157552636768.000000
81549157552636768.000000
81549157552636768.000000
81549157552636768.000000
63415134533856080.000000
81549157552636768.000000
81549157552636768.000000
81549157552636768.000000
81549157552636768.000000
81549157552636768.000000
81549157552636768.000000
81549157552636768.000000
81549157552636768.000000
81549157552636768.000000
81549157552636768.000000
81549157552636768.000000
81549157552636768.000000
81549157552636768.000000
80950086907954384.000000
80950086907954384.000000
80950086907954384.000000
80950086907954384.000000
80950086907954384.000000
80950086907954384.000000
80950086907954384.000000
80950086907954384.000000
13799170248774642.000000
80121096850888544.000000
80121096850888544.000000
77568786843241456.000000
77307945939925344.000000
67425661259840392.000000
67425661259840392.000000
65755313528918416.000000
65755313528918416.000000
65755313528918416.000000
40507541780593368.000000
37765515780247488.000000
37765515780247488.000000
5268857980907468.000000
4476550035105091.500000
1912464570427949.750000
586330078884222.000000
28885943615780.675781
28885943615780.675781
20566825846576.121094
81549157552636768.000000
65755313528918416.000000
81549157552636768.000000
67425661259840392.000000
81549157552636768.000000
80950086907954384.000000
67425661259840392.000000
80950086907954384.000000
81549157552636768.000000
81549157552636768.000000
81549157552636768.000000
20566825846576.121094
81549157552636768.000000
80950086907954384.000000
81549157552636768.000000
80950086907954384.000000
80950086907954384.000000
67425661259840392.000000
81549157552636768.000000
81549157552636768.000000
81549157552636768.000000
81549157552636768.000000
1912464570427949.750000
81549157552636768.000000
80950086907954384.000000
81549157552636768.000000
80950086907954384.000000
81549157552636768.000000
5268857980907468.000000
81549157552636768.000000
81549157552636768.000000
81549157552636768.000000
81549157552636768.000000
28885943615780.675781
586330078884222.000000
81549157552636768.000000
81549157552636768.000000
81549157552636768.000000
81549157552636768.000000
65755313528918416.000000
81549157552636768.000000
81549157552636768.000000
81549157552636768.000000
80950086907954384.000000
81549157552636768.000000
80121096850888544.000000
81549157552636768.000000
81549157552636768.000000
81549157552636768.000000
81549157552636768.000000
81549157552636768.000000
20566825846576.121094
81549157552636768.000000
1788223060646847.750000
81549157552636768.000000
81549157552636768.000000
80950086907954384.000000
37765515780247488.000000
81549157552636768.000000
81549157552636768.000000
80950086907954384.000000
81549157552636768.000000
80950086907954384.000000
81549157552636768.000000
81549157552636768.000000
586330078884222.000000
80121096850888544.000000
81549157552636768.000000
80950086907954384.000000
81549157552636768.000000
81549157552636768.000000
81549157552636768.000000
81549157552636768.000000
81549157552636768.000000
81549157552636768.000000
80950086907954384.000000
81549157552636768.000000
81549157552636768.000000
81549157552636768.000000
1912464570427949.750000
80950086907954384.000000
81549157552636768.000000
81549157552636768.000000
81549157552636768.000000
81549157552636768.000000
81549157552636768.000000
81549157552636768.000000
81549157552636768.000000
37765515780247488.000000
81549157552636768.000000
81549157552636768.000000
81549157552636768.000000
81549157552636768.000000
81549157552636768.000000
81549157552636768.000000
81549157552636768.000000
28885943615780.675781
1912464570427949.750000
80121096850888544.000000
81549157552636768.000000
80950086907954384.000000
77307945939925344.000000
80121096850888544.000000
81549157552636768.000000
5268857980907468.000000
81549157552636768.000000
81549157552636768.000000
81549157552636768.000000
81549157552636768.000000
81549157552636768.000000
81549157552636768.000000
13799170248774642.000000
81549157552636768.000000
1912464570427949.750000
81549157552636768.000000
81549157552636768.000000
81549157552636768.000000
81549157552636768.000000
81549157552636768.000000
65755313528918416.000000
81549157552636768.000000
80950086907954384.000000
65755313528918416.000000

81549157552636768.000000
81549157552636768.000000
81549157552636768.000000
81549157552636768.000000
81549157552636768.000000
81549157552636768.000000
81549157552636768.000000
81549157552636768.000000
81549157552636768.000000
81549157552636768.000000
81549157552636768.000000
81549157552636768.000000
81549157552636768.000000
81549157552636768.000000
81549157552636768.000000
81549157552636768.000000
81549157552636768.000000
81549157552636768.000000
81549157552636768.000000
81549157552636768.000000
81549157552636768.000000
81549157552636768.000000
81549157552636768.000000
81549157552636768.000000
81549157552636768.000000
81549157552636768.000000
81549157552636768.000000
81549157552636768.000000
81549157552636768.000000
81549157552636768.000000
81549157552636768.000000
81549157552636768.000000
81549157552636768.000000
81549157552636768.000000
81549157552636768.000000
81549157552636768.000000
81549157552636768.000000
81549157552636768.000000
81549157552636768.000000
81549157552636768.000000
81549157552636768.000000
81549157552636768.000000
81549157552636768.000000
81549157552636768.000000
81549157552636768.000000
81549157552636768.000000
81549157552636768.000000
81549157552636768.000000
81549157552636768.000000
81549157552636768.000000
81549157552636768.000000
81549157552636768.000000
81549157552636768.000000
81549157552636768.000000
81549157552636768.000000
81549157552636768.000000
81549157552636768.000000
80950086907954384.000000
80950086907954384.000000
80950086907954384.000000
80950086907954384.000000
77568786843241456.000000
67425661259840392.000000
13799170248774642.000000
5268857980907468.000000
1912464570427949.750000
1912464570427949.750000
1788223060646847.750000
28885943615780.675781
81549157552636768.000000
81549157552636768.000000
1912464570427949.750000
81549157552636768.000000
67425661259840392.000000
81549157552636768.000000
81549157552636768.000000
81549157552636768.000000
81549157552636768.000000
67425661259840392.000000
81549157552636768.000000
81549157552636768.000000
81549157552636768.000000
13799170248774642.000000
81549157552636768.000000
81549157552636768.000000
81549157552636768.000000
81549157552636768.000000
81549157552636768.000000
81549157552636768.000000
81549157552636768.000000
81549157552636768.000000
81549157552636768.000000
81549157552636768.000000
81549157552636768.000000
81549157552636768.000000
1912464570427949.750000
81549157552636768.000000
81549157552636768.000000
81549157552636768.000000
81549157552636768.000000
81549157552636768.000000
81549157552636768.000000
81549157552636768.000000
81549157552636768.000000
81549157552636768.000000
81549157552636768.000000
81549157552636768.000000
81549157552636768.000000
81549157552636768.000000
1912464570427949.750000
81549157552636768.000000
80950086907954384.000000
81549157552636768.000000
81549157552636768.000000
81549157552636768.000000
81549157552636768.000000
1912464570427949.750000
81549157552636768.000000
81549157552636768.000000
81549157552636768.000000
81549157552636768.000000
81549157552636768.000000
81549157552636768.000000
81549157552636768.000000
81549157552636768.000000
81549157552636768.000000
80950086907954384.000000
81549157552636768.000000
81549157552636768.000000
81549157552636768.000000
81549157552636768.000000
81549157552636768.000000
81549157552636768.000000
81549157552636768.000000
81549157552636768.000000
81549157552636768.000000
81549157552636768.000000
81549157552636768.000000
81549157552636768.000000
81549157552636768.000000
80950086907954384.000000
81549157552636768.000000
81549157552636768.000000
81549157552636768.000000
81549157552636768.000000
81549157552636768.000000
28885943615780.675781
81549157552636768.000000
81549157552636768.000000
81549157552636768.000000
81549157552636768.000000
77568786843241456.000000
81549157552636768.000000
81549157552636768.000000
80950086907954384.000000
81549157552636768.000000
28885943615780.675781
1912464570427949.750000
81549157552636768.000000
81549157552636768.000000
1788223060646847.750000
81549157552636768.000000
81549157552636768.000000
13799170248774642.000000
81549157552636768.000000
81549157552636768.000000
81549157552636768.000000
81549157552636768.000000
81549157552636768.000000
81549157552636768.000000
81549157552636768.000000
81549157552636768.000000
81549157552636768.000000
81549157552636768.000000
81549157552636768.000000
81549157552636768.000000
81549157552636768.000000
81549157552636768.000000
81549157552636768.000000
81549157552636768.000000
81549157552636768.000000
81549157552636768.000000
81549157552636768.000000
81549157552636768.000000
5268857980907468.000000
81549157552636768.000000
81549157552636768.000000
80950086907954384.000000
81549157552636768.000000
80950086907954384.000000
81549157552636768.000000
81549157552636768.000000
81549157552636768.000000
81549157552636768.000000
1912464570427949.750000
81549157552636768.000000
81549157552636768.000000
81549157552636768.000000
81549157552636768.000000
81549157552636768.000000

81549157552636768.000000
81549157552636768.000000
81549157552636768.000000
81549157552636768.000000
81549157552636768.000000
81549157552636768.000000
81549157552636768.000000
81549157552636768.000000
81549157552636768.000000
81549157552636768.000000
81549157552636768.000000
81549157552636768.000000
81549157552636768.000000
81549157552636768.000000
81549157552636768.000000
81549157552636768.000000
81549157552636768.000000
81549157552636768.000000
81549157552636768.000000
81549157552636768.000000
81549157552636768.000000
81549157552636768.000000
81549157552636768.000000
81549157552636768.000000
81549157552636768.000000
81549157552636768.000000
81549157552636768.000000
81549157552636768.000000
81549157552636768.000000
81549157552636768.000000
81549157552636768.000000
81549157552636768.000000
81549157552636768.000000
81549157552636768.000000
81549157552636768.000000
81549157552636768.000000
81549157552636768.000000
81549157552636768.000000
81549157552636768.000000
81549157552636768.000000
81549157552636768.000000
81549157552636768.000000
81549157552636768.000000
81549157552636768.000000
81549157552636768.000000
81549157552636768.000000
81549157552636768.000000
81549157552636768.000000
81549157552636768.000000
81549157552636768.000000
81549157552636768.000000
81549157552636768.000000
81549157552636768.000000
81549157552636768.000000
81549157552636768.000000
81549157552636768.000000
81549157552636768.000000
81549157552636768.000000
81549157552636768.000000
81549157552636768.000000
81549157552636768.000000
81549157552636768.000000
81549157552636768.000000
81549157552636768.000000
81549157552636768.000000
81549157552636768.000000
81549157552636768.000000
81549157552636768.000000
41316571168105328.000000
81549157552636768.000000
81549157552636768.000000
81549157552636768.000000
81549157552636768.000000
80950086907954384.000000
80950086907954384.000000
80950086907954384.000000
67425661259840392.000000
813457646375802.625000
13799170248774642.000000
5268857980907468.000000
1912464570427949.750000
1788223060646847.750000
81549157552636768.000000
81549157552636768.000000
81549157552636768.000000
81549157552636768.000000
41316571168105328.000000
81549157552636768.000000
81549157552636768.000000
81549157552636768.000000
81549157552636768.000000
81549157552636768.000000
81549157552636768.000000
81549157552636768.000000
81549157552636768.000000
81549157552636768.000000
81549157552636768.000000
81549157552636768.000000
81549157552636768.000000
81549157552636768.000000
81549157552636768.000000
81549157552636768.000000
81549157552636768.000000
81549157552636768.000000
81549157552636768.000000
81549157552636768.000000
81549157552636768.000000
81549157552636768.000000
81549157552636768.000000
81549157552636768.000000
81549157552636768.000000
81549157552636768.000000
81549157552636768.000000
81549157552636768.000000
67425661259840392.000000
5268857980907468.000000
81549157552636768.000000
81549157552636768.000000
81549157552636768.000000
81549157552636768.000000
81549157552636768.000000
81549157552636768.000000
81549157552636768.000000
81549157552636768.000000
81549157552636768.000000
81549157552636768.000000
81549157552636768.000000
81549157552636768.000000
81549157552636768.000000
81549157552636768.000000
81549157552636768.000000
81549157552636768.000000
13799170248774642.000000
81549157552636768.000000
81549157552636768.000000
80950086907954384.000000
80950086907954384.000000
81549157552636768.000000
80950086907954384.000000
81549157552636768.000000
81549157552636768.000000
81549157552636768.000000
81549157552636768.000000
81549157552636768.000000
1788223060646847.750000
81549157552636768.000000
81549157552636768.000000
81549157552636768.000000
81549157552636768.000000
81549157552636768.000000
81549157552636768.000000
81549157552636768.000000
81549157552636768.000000
81549157552636768.000000
81549157552636768.000000
81549157552636768.000000
41316571168105328.000000
81549157552636768.000000
81549157552636768.000000
81549157552636768.000000
81549157552636768.000000
5268857980907468.000000
81549157552636768.000000
67425661259840392.000000
81549157552636768.000000
81549157552636768.000000
81549157552636768.000000
81549157552636768.000000
81549157552636768.000000
81549157552636768.000000
81549157552636768.000000
81549157552636768.000000
1912464570427949.750000
81549157552636768.000000
81549157552636768.000000
81549157552636768.000000
813457646375802.625000
81549157552636768.000000
81549157552636768.000000
81549157552636768.000000
81549157552636768.000000
13799170248774642.000000
81549157552636768.000000
81549157552636768.000000
81549157552636768.000000
81549157552636768.000000
80950086907954384.000000
81549157552636768.000000
81549157552636768.000000
81549157552636768.000000
1912464570427949.750000
81549157552636768.000000
81549157552636768.000000
81549157552636768.000000
81549157552636768.000000
81549157552636768.000000
81549157552636768.000000
81549157552636768.000000
81549157552636768.000000
81549157552636768.000000

3013534724330790.500000
81549157552636768.000000
81549157552636768.000000
81549157552636768.000000
16808100112709.380859
81549157552636768.000000
81549157552636768.000000
81549157552636768.000000
81549157552636768.000000
81549157552636768.000000
81549157552636768.000000
81549157552636768.000000
28548689572616428.000000
81549157552636768.000000
81549157552636768.000000
81549157552636768.000000
81549157552636768.000000
81549157552636768.000000
81549157552636768.000000
81549157552636768.000000
81549157552636768.000000
81549157552636768.000000
71418394.207486
81549157552636768.000000
81549157552636768.000000
81549157552636768.000000
81549157552636768.000000
81549157552636768.000000
81549157552636768.000000
81549157552636768.000000
81549157552636768.000000
81549157552636768.000000
81549157552636768.000000
81549157552636768.000000
81549157552636768.000000
81549157552636768.000000
81549157552636768.000000
81549157552636768.000000
81549157552636768.000000
81549157552636768.000000
81549157552636768.000000
81549157552636768.000000
81549157552636768.000000
81549157552636768.000000
81549157552636768.000000
81549157552636768.000000
81549157552636768.000000
81549157552636768.000000
81549157552636768.000000
81549157552636768.000000
81549157552636768.000000
81549157552636768.000000
81549157552636768.000000
81549157552636768.000000
81549157552636768.000000
81549157552636768.000000
81549157552636768.000000
81549157552636768.000000
81549157552636768.000000
81549157552636768.000000
81549157552636768.000000
81549157552636768.000000
81549157552636768.000000
81549157552636768.000000
81549157552636768.000000
81549157552636768.000000
81549157552636768.000000
81549157552636768.000000
81549157552636768.000000
81549157552636768.000000
81549157552636768.000000
81549157552636768.000000
81549157552636768.000000
80950086907954384.000000
80950086907954384.000000
67425661259840392.000000
5268857980907468.000000
1912464570427949.750000
1788223060646847.750000
81549157552636768.000000
81549157552636768.000000
16808100112709.380859
81549157552636768.000000
81549157552636768.000000
3013534724330790.500000
81549157552636768.000000
81549157552636768.000000
81549157552636768.000000
81549157552636768.000000
71418394.207486
81549157552636768.000000
80950086907954384.000000
81549157552636768.000000
81549157552636768.000000
81549157552636768.000000
81549157552636768.000000
81549157552636768.000000
81549157552636768.000000
81549157552636768.000000
81549157552636768.000000
81549157552636768.000000
1788223060646847.750000
81549157552636768.000000
81549157552636768.000000
81549157552636768.000000
81549157552636768.000000
81549157552636768.000000
81549157552636768.000000
81549157552636768.000000
81549157552636768.000000
1912464570427949.750000
81549157552636768.000000
81549157552636768.000000
81549157552636768.000000
81549157552636768.000000
28548689572616428.000000
81549157552636768.000000
81549157552636768.000000
81549157552636768.000000
81549157552636768.000000
81549157552636768.000000
81549157552636768.000000
81549157552636768.000000
81549157552636768.000000
81549157552636768.000000
81549157552636768.000000
81549157552636768.000000
16808100112709.380859
81549157552636768.000000
81549157552636768.000000
81549157552636768.000000
81549157552636768.000000
5268857980907468.000000
81549157552636768.000000
81549157552636768.000000
5268857980907468.000000
81549157552636768.000000
81549157552636768.000000
3013534724330790.500000
81549157552636768.000000
81549157552636768.000000
81549157552636768.000000
81549157552636768.000000
81549157552636768.000000
81549157552636768.000000
81549157552636768.000000
81549157552636768.000000
81549157552636768.000000
81549157552636768.000000
81549157552636768.000000
81549157552636768.000000
67425661259840392.000000
80950086907954384.000000
81549157552636768.000000
81549157552636768.000000
81549157552636768.000000
71418394.207486
81549157552636768.000000
81549157552636768.000000
16808100112709.380859
81549157552636768.000000
81549157552636768.000000
81549157552636768.000000
81549157552636768.000000
81549157552636768.000000
81549157552636768.000000
81549157552636768.000000
81549157552636768.000000
81549157552636768.000000
71418394.207486
71418394.207486
81549157552636768.000000
81549157552636768.000000
81549157552636768.000000
81549157552636768.000000
28548689572616428.000000
81549157552636768.000000
81549157552636768.000000
81549157552636768.000000
81549157552636768.000000
81549157552636768.000000
81549157552636768.000000
81549157552636768.000000
81549157552636768.000000
81549157552636768.000000
81549157552636768.000000
81549157552636768.000000
81549157552636768.000000
81549157552636768.000000
81549157552636768.000000
28548689572616428.000000
81549157552636768.000000
81549157552636768.000000
81549157552636768.000000
3013534724330790.500000
81549157552636768.000000
80950086907954384.000000
81549157552636768.000000
81549157552636768.000000
81549157552636768.000000

