0.000000	208.916939
1.000000	254.901963
2.000000	338.543803
3.000000	412.193490
4.000000	479.569848
5.000000	543.715476
6.000000	596.880048
7.000000	598.377638
8.000000	602.765232
9.000000	617.666449
10.000000	626.982817
11.000000	626.100427
12.000000	631.819044
13.000000	637.401887
14.000000	574.005086
15.000000	588.153324
16.000000	617.393146
17.000000	620.824678
18.000000	572.483761
19.000000	527.317208
20.000000	572.961289
21.000000	604.365778
22.000000	613.852334
23.000000	619.504433
24.000000	614.901311
25.000000	616.891900
26.000000	552.557580
27.000000	454.805235
28.000000	426.001671
29.000000	510.094808
30.000000	595.663596
31.000000	610.422865
32.000000	615.047523
33.000000	609.975492
34.000000	595.621882
35.000000	556.977855
36.000000	556.449979
37.000000	604.218586
38.000000	604.088119
39.000000	582.829310
40.000000	619.841108
41.000000	620.303475
42.000000	603.900362
43.000000	583.017729
44.000000	576.749665
45.000000	520.947802
46.000000	442.208877
47.000000	352.308400
48.000000	294.045712
49.000000	342.775927
50.000000	434.506280
51.000000	515.581303
52.000000	587.433133
53.000000	624.434135
54.000000	611.578314
55.000000	619.357501
56.000000	630.386251
57.000000	621.050735
58.000000	646.803938
59.000000	642.663657
60.000000	565.622501
61.000000	554.797254
62.000000	624.707994
63.000000	636.567871
64.000000	638.204902
65.000000	665.476255
66.000000	612.876786
67.000000	522.284063
68.000000	446.425679
69.000000	458.890267
70.000000	545.027242
71.000000	633.322025
72.000000	678.260202
73.000000	640.734418
74.000000	635.853804
75.000000	652.798710
76.000000	585.634035
77.000000	527.992345
78.000000	568.436984
79.000000	656.423004
80.000000	682.621744
81.000000	627.334538
82.000000	608.711957
83.000000	641.630826
84.000000	633.942603
85.000000	625.765968
86.000000	629.712634
87.000000	650.526369
88.000000	694.390954
89.000000	665.308945
90.000000	608.527919
91.000000	546.786318
92.000000	482.574026
93.000000	415.288985
94.000000	342.399591
95.000000	268.863409
96.000000	227.515713
97.000000	263.307405
98.000000	335.944871
99.000000	409.222036
100.000000	476.686350
101.000000	540.991270
102.000000	602.943463
103.000000	659.668363
104.000000	681.005147
105.000000	638.191597
106.000000	628.130262
107.000000	624.798083
108.000000	640.462347
109.000000	623.314870
110.000000	617.922015
111.000000	665.186132
112.000000	659.648076
113.000000	601.047460
114.000000	583.825195
115.000000	628.161850
116.000000	705.602875
117.000000	751.561223
118.000000	710.594037
119.000000	637.224979
120.000000	571.664957
121.000000	537.585358
122.000000	546.245792
123.000000	594.872593
124.000000	666.989077
125.000000	737.839041
126.000000	788.405223
127.000000	815.264611
128.000000	825.144321
129.000000	822.056607
130.000000	810.451637
131.000000	788.029624
132.000000	750.853768
133.000000	698.064374
134.000000	634.253335
135.000000	571.001629
136.000000	516.274840
137.000000	479.730609
138.000000	466.044366
139.000000	476.651344
140.000000	510.456155
141.000000	563.258622
142.000000	625.762023
143.000000	690.363348
144.000000	744.941611
145.000000	784.163192
146.000000	808.284229
147.000000	821.059847
148.000000	826.922660
149.000000	829.265770
150.000000	830.104293
151.000000	830.341957
152.000000	830.423558
153.000000	830.423558
154.000000	830.423558
155.000000	830.423558
156.000000	830.423558
157.000000	830.423558
158.000000	830.423558
159.000000	830.423558
160.000000	830.417746
161.000000	830.401368
162.000000	830.356111
163.000000	830.231182
164.000000	829.909289
165.000000	829.136480
166.000000	827.235398
167.000000	823.538074
168.000000	816.523640
169.000000	804.216050
170.000000	784.303350
171.000000	754.693733
172.000000	714.364986
173.000000	664.209303
174.000000	607.397679
175.000000	548.906671
176.000000	494.304677
177.000000	453.381262
178.000000	419.853541
179.000000	399.421498
180.000000	392.584675
181.000000	399.421498
182.000000	419.853541
183.000000	453.381262
184.000000	494.304677
185.000000	548.906671
186.000000	607.397679
187.000000	664.209303
188.000000	714.364986
189.000000	754.693733
190.000000	784.303350
191.000000	804.216050
192.000000	816.523640
193.000000	823.538074
194.000000	827.235398
195.000000	829.136480
196.000000	829.909289
197.000000	830.231182
198.000000	830.356111
199.000000	830.401368
200.000000	830.417746
201.000000	830.423558
202.000000	830.423558
203.000000	830.423558
204.000000	830.423558
205.000000	830.423558
206.000000	830.423558
207.000000	830.423558
208.000000	830.423558
209.000000	830.423558
210.000000	830.423558
211.000000	830.423558
212.000000	830.423558
213.000000	830.400968
214.000000	830.335098
215.000000	830.110959
216.000000	829.427876
217.000000	827.449206
218.000000	822.833415
219.000000	812.987356
220.000000	794.386293
221.000000	763.415553
222.000000	718.208262
223.000000	660.650641
224.000000	597.028849
225.000000	536.354446
226.000000	487.275790
227.000000	455.733227
228.000000	444.617130
229.000000	454.714658
230.000000	485.316296
231.000000	533.658523
232.000000	593.956396
233.000000	657.652686
234.000000	715.679574
235.000000	761.562610
236.000000	793.200814
237.000000	812.321520
238.000000	822.503348
239.000000	827.304124
240.000000	829.373391
241.000000	830.092188
242.000000	830.329317
243.000000	830.399373
244.000000	830.423558
245.000000	830.423558
246.000000	830.423558
247.000000	830.423558
248.000000	830.423558
249.000000	830.423558
250.000000	830.423558
251.000000	830.423558
252.000000	830.423558
253.000000	830.423558
254.000000	830.423558
255.000000	830.423558
256.000000	830.418024
257.000000	830.402352
258.000000	830.358925
259.000000	830.238699
260.000000	829.928016
261.000000	829.179901
262.000000	827.332786
263.000000	823.730093
264.000000	816.874167
265.000000	804.806810
266.000000	785.219596
267.000000	755.996976
268.000000	716.059219
269.000000	666.216376
270.000000	609.559352
271.000000	551.019130
272.000000	496.171173
273.000000	454.830545
274.000000	420.842257
275.000000	399.921344
276.000000	392.593410
277.000000	398.944438
278.000000	418.903045
279.000000	451.993859
280.000000	492.529856
281.000000	546.912722
282.000000	605.372760
283.000000	662.343705
284.000000	712.802518
285.000000	753.501451
286.000000	783.471967
287.000000	803.684497
288.000000	816.210949
289.000000	823.368287
290.000000	827.150059
291.000000	829.098760
292.000000	829.893172
293.000000	830.224774
294.000000	830.353736
295.000000	830.400546
296.000000	830.417517
297.000000	830.423558
298.000000	830.423558
299.000000	830.423558
300.000000	830.423558
301.000000	830.423558
302.000000	830.423558
303.000000	830.423558
304.000000	830.423558
305.000000	830.345321
306.000000	830.116389
307.000000	829.305278
308.000000	827.030151
309.000000	821.314809
310.000000	808.809010
311.000000	785.095092
312.000000	746.360026
313.000000	692.201814
314.000000	627.778394
315.000000	565.086117
316.000000	511.817145
317.000000	477.354000
318.000000	466.007891
319.000000	478.954258
320.000000	514.841136
321.000000	569.110358
322.000000	632.191781
323.000000	696.204674
324.000000	749.433241
325.000000	787.105034
326.000000	809.935484
327.000000	821.808700
328.000000	825.062840
329.000000	815.183587
330.000000	788.221951
331.000000	737.521479
332.000000	666.586846
333.000000	594.515808
334.000000	546.070337
335.000000	537.667574
336.000000	571.999671
337.000000	637.712676
338.000000	711.047208
339.000000	751.548343
340.000000	705.088713
341.000000	627.726873
342.000000	583.738920
343.000000	601.313749
344.000000	660.105780
345.000000	665.308931
346.000000	617.367463
347.000000	622.654271
348.000000	641.002265
349.000000	625.034152
350.000000	627.579330
351.000000	617.331524
352.000000	602.386928
353.000000	591.044246
354.000000	592.377348
355.000000	543.600400
356.000000	479.569848
357.000000	412.193490
358.000000	338.543803
359.000000	254.901963
