0.000000	240.730703
1.000000	282.415789
2.000000	361.037528
3.000000	431.257182
4.000000	495.121126
5.000000	555.297271
6.000000	604.346175
7.000000	609.372888
8.000000	615.024932
9.000000	629.702242
10.000000	639.010166
11.000000	639.056828
12.000000	644.365794
13.000000	646.273827
14.000000	592.667566
15.000000	603.600911
16.000000	629.311459
17.000000	630.886725
18.000000	587.550989
19.000000	548.579245
20.000000	587.555878
21.000000	616.930809
22.000000	626.928051
23.000000	632.245305
24.000000	627.264374
25.000000	625.148352
26.000000	565.576816
27.000000	477.261320
28.000000	452.050834
29.000000	526.758740
30.000000	605.023620
31.000000	622.140359
32.000000	627.639368
33.000000	623.225496
34.000000	608.857982
35.000000	575.238819
36.000000	575.030943
37.000000	616.033013
38.000000	617.246048
39.000000	601.128685
40.000000	631.373191
41.000000	632.610488
42.000000	616.098650
43.000000	596.019371
44.000000	586.340303
45.000000	534.123728
46.000000	460.089214
47.000000	376.535462
48.000000	324.292526
49.000000	367.906551
50.000000	452.798104
51.000000	529.132256
52.000000	596.170214
53.000000	631.425379
54.000000	623.835280
55.000000	631.862852
56.000000	641.621823
57.000000	635.621136
58.000000	656.549458
59.000000	650.335461
60.000000	583.535727
61.000000	574.149668
62.000000	634.234673
63.000000	647.591035
64.000000	650.047289
65.000000	669.912277
66.000000	621.462634
67.000000	538.343927
68.000000	470.483921
69.000000	481.497343
70.000000	559.099900
71.000000	640.329093
72.000000	681.823301
73.000000	652.759345
74.000000	648.115774
75.000000	659.142866
76.000000	599.554066
77.000000	549.225081
78.000000	584.642196
79.000000	662.795736
80.000000	686.855478
81.000000	640.531996
82.000000	624.291380
83.000000	651.126174
84.000000	646.092595
85.000000	638.977299
86.000000	641.971809
87.000000	660.674065
88.000000	695.444388
89.000000	668.389099
90.000000	615.737632
91.000000	558.216376
92.000000	497.949132
93.000000	434.197155
94.000000	364.851421
95.000000	296.004002
96.000000	258.097090
97.000000	290.875799
98.000000	358.735609
99.000000	428.440735
100.000000	492.408309
101.000000	552.810001
102.000000	610.542346
103.000000	663.020731
104.000000	683.481656
105.000000	649.661771
106.000000	640.024411
107.000000	638.539751
108.000000	650.512928
109.000000	636.587414
110.000000	632.852332
111.000000	672.077815
112.000000	666.517785
113.000000	615.756344
114.000000	600.637707
115.000000	640.056546
116.000000	709.091028
117.000000	749.809088
118.000000	712.669370
119.000000	645.818826
120.000000	586.392762
121.000000	555.513856
122.000000	563.365095
123.000000	607.413717
124.000000	672.949597
125.000000	738.325336
126.000000	786.535623
127.000000	813.486786
128.000000	823.977653
129.000000	820.703360
130.000000	808.486008
131.000000	785.914943
132.000000	749.867281
133.000000	700.070440
134.000000	640.911475
135.000000	582.812658
136.000000	532.485019
137.000000	498.742646
138.000000	486.057558
139.000000	495.891312
140.000000	527.122662
141.000000	575.698801
142.000000	633.084752
143.000000	692.886943
144.000000	744.228155
145.000000	782.104510
146.000000	806.257751
147.000000	819.648772
148.000000	826.139713
149.000000	828.903908
150.000000	829.968539
151.000000	830.296516
152.000000	830.423558
153.000000	830.423558
154.000000	830.423558
155.000000	830.423558
156.000000	830.423558
157.000000	830.423558
158.000000	830.423558
159.000000	830.423558
160.000000	830.412677
161.000000	830.385654
162.000000	830.316459
163.000000	830.138269
164.000000	829.707903
165.000000	828.734725
166.000000	826.478419
167.000000	822.303083
168.000000	814.724824
169.000000	801.940774
170.000000	781.952898
171.000000	753.076175
172.000000	714.644521
173.000000	667.657915
174.000000	615.010906
175.000000	561.064122
176.000000	510.664252
177.000000	472.725743
178.000000	441.408212
179.000000	422.190650
180.000000	415.732672
181.000000	422.190650
182.000000	441.408212
183.000000	472.725743
184.000000	510.664252
185.000000	561.064122
186.000000	615.010906
187.000000	667.657915
188.000000	714.644521
189.000000	753.076175
190.000000	781.952898
191.000000	801.940774
192.000000	814.724824
193.000000	822.303083
194.000000	826.478419
195.000000	828.734725
196.000000	829.707903
197.000000	830.138269
198.000000	830.316459
199.000000	830.385654
200.000000	830.412677
201.000000	830.423558
202.000000	830.423558
203.000000	830.423558
204.000000	830.423558
205.000000	830.423558
206.000000	830.423558
207.000000	830.423558
208.000000	830.423558
209.000000	830.423558
210.000000	830.423558
211.000000	830.423558
212.000000	830.423558
213.000000	830.385391
214.000000	830.286768
215.000000	829.977865
216.000000	829.104869
217.000000	826.746688
218.000000	821.571232
219.000000	811.096023
220.000000	792.175472
221.000000	761.816448
222.000000	718.751029
223.000000	664.995491
224.000000	606.227436
225.000000	550.353751
226.000000	505.030451
227.000000	475.743306
228.000000	465.379140
229.000000	474.794682
230.000000	503.215542
231.000000	547.869149
232.000000	603.397371
233.000000	662.215443
234.000000	716.369655
235.000000	760.028134
236.000000	790.992581
237.000000	810.403413
238.000000	821.210483
239.000000	826.578808
240.000000	829.037390
241.000000	829.952860
242.000000	830.278424
243.000000	830.382877
244.000000	830.423558
245.000000	830.423558
246.000000	830.423558
247.000000	830.423558
248.000000	830.423558
249.000000	830.423558
250.000000	830.423558
251.000000	830.423558
252.000000	830.423558
253.000000	830.423558
254.000000	830.423558
255.000000	830.423558
256.000000	830.413162
257.000000	830.387226
258.000000	830.320640
259.000000	830.148706
260.000000	829.732315
261.000000	828.788125
262.000000	826.591470
263.000000	822.515677
264.000000	815.096790
265.000000	802.544673
266.000000	782.859947
267.000000	754.332603
268.000000	716.244677
269.000000	669.526624
270.000000	617.007585
271.000000	563.011564
272.000000	512.390465
273.000000	474.074509
274.000000	442.335323
275.000000	422.662220
276.000000	415.740934
277.000000	421.740507
278.000000	440.516710
279.000000	471.434223
280.000000	509.022509
281.000000	559.225872
282.000000	613.140860
283.000000	665.921611
284.000000	713.169727
285.000000	751.927686
286.000000	781.130720
287.000000	801.398071
288.000000	814.393479
289.000000	822.115403
290.000000	826.379530
291.000000	828.688429
292.000000	829.686940
293.000000	830.129393
294.000000	830.312939
295.000000	830.384344
296.000000	830.412276
297.000000	830.423558
298.000000	830.423558
299.000000	830.423558
300.000000	830.423558
301.000000	830.423558
302.000000	830.423558
303.000000	830.423558
304.000000	830.423558
305.000000	830.301418
306.000000	829.984686
307.000000	828.952509
308.000000	826.263082
309.000000	819.924211
310.000000	806.796213
311.000000	783.021247
312.000000	745.579271
313.000000	694.600452
314.000000	634.942679
315.000000	577.377867
316.000000	528.377209
317.000000	496.542087
318.000000	486.023709
319.000000	498.023902
320.000000	531.164050
321.000000	581.075113
322.000000	639.010615
323.000000	698.334272
324.000000	748.510529
325.000000	785.002057
326.000000	807.953967
327.000000	820.434400
328.000000	823.883465
329.000000	813.401353
330.000000	786.356349
331.000000	738.028171
332.000000	672.582243
333.000000	607.090480
334.000000	563.206071
335.000000	555.588409
336.000000	586.695893
337.000000	646.261684
338.000000	713.082185
339.000000	749.798559
340.000000	708.632911
341.000000	639.669722
342.000000	600.561192
343.000000	615.994728
344.000000	666.933352
345.000000	672.159246
346.000000	632.311275
347.000000	635.980267
348.000000	650.981525
349.000000	638.797002
350.000000	639.228327
351.000000	629.564744
352.000000	614.526972
353.000000	602.989165
354.000000	600.305020
355.000000	555.153071
356.000000	495.121126
357.000000	431.257182
358.000000	361.037528
359.000000	282.415789
