15.480839
15.131527
14.981897
15.917639
15.164426
14.809403
15.032049
15.859577
14.461674
16.499189
16.004205
15.181463
15.447915
16.029808
15.899062
14.339848
14.666205
15.763135
14.834615
16.631624
15.014164
15.976462
16.502103
16.474650
14.389411
15.478012
14.659839
14.937046
15.048737
16.077418
16.314178
15.193804
15.380290
15.775943
14.694947
16.019010
14.838979
15.185445
15.287420
16.951971
15.387243
16.841993
16.385779
16.058040
15.823145
15.761486
15.312580
15.045887
14.761617
15.843945
16.639306
16.092259
15.284020
14.795248
15.447727
14.918655
17.005760
15.957150
15.879348
15.488954
15.850867
15.989586
16.025509
15.033118
16.697943
16.131853
15.637526
16.227239
15.037876
15.186450
14.240698
15.295415
15.365224
15.417518
14.818561
15.672506
15.813697
14.393927
14.996444
15.563765
14.825096
15.685030
16.279337
16.340786
15.151231
15.757248
15.374050
14.687841
15.282838
15.024312
14.930293
15.844037
16.296262
13.876796
15.202874
15.615143
14.802998
15.445354
14.456883
14.962378

13.876796
14.240698
14.339848
14.389411
14.393927
14.456883
14.461674
14.659839
14.666205
14.687841
14.694947
14.761617
14.795248
14.802998
14.809403
14.818561
14.825096
14.834615
14.838979
14.918655
14.930293
14.937046
14.962378
14.981897
14.996444
15.014164
15.024312
15.032049
15.033118
15.037876
15.048737
15.563765
16.058040
14.655697
14.016038
14.094248
14.835460
14.190804
15.052354
14.841834
14.903308
15.050203
15.182949
14.467577
14.633129
14.768938
14.975621
15.769542
14.401937
14.737743
14.888776
14.766253
14.601057
15.560885
14.478154
15.612384
14.711882
14.976974
14.992446
15.412052
15.245562
16.631278
14.562160
15.062313
15.417568
15.182182
14.727516
15.461437
15.102011
14.269095
15.458968
14.720448
14.526941
15.598131
14.815094
15.501058
14.848771
15.316504
14.833405
15.186724
14.891290
15.375817
15.034468
15.084829
15.322349
14.739066
15.212234
14.535092
15.443647
14.359820
15.118737
14.279104
14.866399
15.284354
14.230450
14.381808
15.956713
14.843340
15.114825
15.256609

13.876796
14.016038
14.094248
14.190804
14.230450
14.240698
14.269095
14.279104
14.339848
14.359820
14.381808
14.389411
14.393927
14.401937
14.456883
14.461674
14.467577
14.478154
14.526941
14.535092
14.562160
14.601057
14.633129
14.655697
14.659839
14.666205
14.687841
14.694947
14.711882
14.720448
14.766253
14.825096
14.841834
14.962378
15.048737
15.114825
16.058040
14.885266
14.865733
14.009502
15.045346
14.681114
15.176657
14.029569
15.071908
14.424236
14.773204
15.205548
15.432310
15.340583
14.843180
14.533228
14.795077
14.959212
14.544871
14.083872
14.638283
14.524855
16.370401
15.768996
15.413805
15.553314
14.991954
14.389442
14.549835
14.946221
15.692875
15.006350
14.033726
14.243346
15.226424
14.543038
14.744502
14.202012
14.841024
14.664113
15.045122
15.009769
13.976129
15.097866
14.727513
14.507755
14.867615
14.144977
14.779841
14.493958
14.851824
14.558327
14.887613
15.064251
14.563761
16.213178
14.464802
14.059376
15.680049
14.833640
14.640902
14.307276
14.596664
15.247391

13.876796
13.976129
14.009502
14.016038
14.029569
14.033726
14.059376
14.083872
14.094248
14.144977
14.190804
14.202012
14.230450
14.240698
14.243346
14.269095
14.279104
14.307276
14.339848
14.359820
14.381808
14.389411
14.389442
14.393927
14.401937
14.420453
14.456883
14.461674
14.464802
14.467577
14.563761
15.692875
14.139257
13.821177
14.311170
14.206984
14.058143
14.211728
14.356953
14.296804
14.732954
14.634313
13.942891
14.581189
14.455140
14.523316
14.524961
14.506568
14.384588
14.019531
14.826943
14.255286
14.675494
14.182177
14.138049
14.988718
14.606171
14.490781
14.268606
14.275590
14.368243
14.156355
14.845449
14.615651
15.010592
15.078051
14.448457
14.633145
15.127688
14.781017
14.883267
14.420453
14.577789
15.120181
14.446005
14.243346
15.477525
14.642617
14.719395
13.619878
14.432206
14.067650
14.485198
14.573131
15.492893
14.307276
14.214929
14.004802
13.977177
14.385755
14.461843
15.202776
14.095476
13.979224
14.323849
15.103305
14.382894
14.961139
14.762652
14.142722

13.619878
13.821177
13.876796
13.942891
13.976129
13.977177
13.979224
14.004802
14.009502
14.016038
14.019531
14.029569
14.033726
14.058143
14.059376
14.067650
14.083872
14.094248
14.095476
14.138049
14.139257
14.142722
14.144977
14.156355
14.182177
14.190804
14.202012
14.206984
14.211728
14.214929
14.311170
14.420453
14.448457
14.094248
14.336126
14.143328
14.355621
14.969582
14.313585
14.395615
14.466084
14.299082
14.421898
13.979224
14.083872
14.359604
14.196878
14.182177
15.714162
14.703291
14.542891
13.857552
15.156735
14.152518
14.395121
14.294680
13.688155
14.747358
14.296371
14.133976
13.714803
13.907029
13.592189
13.988067
13.963163
14.181091
15.040732
14.208272
13.875976
13.825234
14.250982
14.865050
14.182177
14.329507
14.343780
14.359566
14.163630
14.078294
14.162589
14.183774
13.962424
14.162195
14.040963
15.559934
14.146081
14.229456
14.198191
14.002083
14.211116
14.228476
14.083872
14.946824
14.030400
14.840482
14.141239
14.272322
13.876796
13.924964
14.335310
13.616222

13.592189
13.616222
13.619878
13.688155
13.714803
13.821177
13.825234
13.857552
13.875976
13.876796
13.876796
13.907029
13.924964
13.942891
13.962424
13.963163
13.976129
13.977177
13.979224
13.979224
13.988067
14.002083
14.004802
14.009502
14.016038
14.019531
14.029569
14.030400
14.033726
14.040963
14.067650
14.138049
14.142722
14.196878
14.359604
14.395121
14.466084
14.120293
14.133645
14.146000
14.429593
14.084025
14.267130
13.714803
14.168731
13.988067
13.793609
14.554951
14.388534
13.820166
14.505759
13.862880
13.740749
14.257401
14.296476
14.264913
14.061621
14.323207
14.350054
14.147692
14.267552
13.413376
14.332202
13.679800
14.679550
14.176694
14.512360
14.631466
14.401499
14.429819
14.196878
14.166135
14.742453
13.637339
13.992906
13.763022
13.981532
14.513849
15.057440
14.837348
14.196878
13.983780
14.534652
13.948042
14.050287
13.876796
14.229320
14.354948
14.189084
14.149709
13.671138
13.894802
13.627370
13.876796
14.276115
14.188381
13.825504
14.187976
13.929468
14.182353

13.413376
13.592189
13.616222
13.619878
13.627370
13.637339
13.671138
13.679800
13.688155
13.714803
13.714803
13.740749
13.763022
13.793609
13.820166
13.821177
13.825234
13.825504
13.857552
13.862880
13.875976
13.876796
13.876796
13.876796
13.876796
13.894802
13.907029
13.924964
13.929468
13.942891
14.166135
14.429819
14.375170
13.550441
13.619878
13.882949
13.870605
13.808204
13.875976
14.109904
13.999683
14.991311
14.233806
13.864876
13.876150
14.417959
13.130130
13.661529
13.758706
13.616222
13.717796
13.788007
14.118085
14.210829
13.793609
13.665697
14.151771
13.820166
14.495675
13.876796
13.913051
14.103034
13.707152
14.094248
13.414693
14.264316
13.616222
13.529075
14.003274
13.422669
13.901280
14.201519
14.194975
14.122485
13.413376
14.471310
14.051408
13.556950
13.820166
14.033965
14.065815
13.876796
13.788127
14.078742
14.104554
14.448643
13.848159
13.789648
13.983023
14.094248
14.269460
14.182753
13.956725
14.177665
14.429819
13.679800
14.274069
13.910273
14.236827
14.096775

13.130130
13.413376
13.413376
13.414693
13.422669
13.529075
13.550441
13.556950
13.592189
13.616222
13.616222
13.616222
13.619878
13.619878
13.627370
13.637339
13.661529
13.665697
13.671138
13.679800
13.679800
13.688155
13.707152
13.714803
13.714803
13.717796
13.740749
13.758706
13.763022
13.788007
13.848159
13.870605
13.956725
14.109904
14.236827
14.274069
14.429819
14.448643
14.448643
13.260139
13.826722
13.423956
13.925868
13.606764
14.337622
13.892032
13.615750
13.962289
13.637339
13.825615
13.987931
13.927916
13.846260
14.095648
14.251521
14.266444
13.985725
13.837104
14.129510
13.631056
13.524060
13.640341
13.595650
13.950780
13.602155
13.606982
13.646152
13.426429
13.260139
14.098612
13.725975
13.406349
13.723948
13.530885
13.637027
13.884387
13.876796
13.413376
13.675807
13.916417
13.413376
14.652362
14.423233
13.511773
13.683277
14.045825
13.910801
14.109904
13.667680
14.356629
13.925012
13.539367
13.766477
13.619458
14.088356
13.667741
13.714803
13.662025
13.549217
13.482979

13.130130
13.260139
13.260139
13.406349
13.413376
13.413376
13.413376
13.413376
13.414693
13.422669
13.423956
13.426429
13.482979
13.511773
13.524060
13.529075
13.530885
13.539367
13.549217
13.550441
13.556950
13.592189
13.595650
13.602155
13.606764
13.606982
13.615750
13.616222
13.616222
13.616222
13.637027
13.717796
13.766477
13.950780
14.088356
13.093607
13.591810
13.717796
13.661351
13.685155
13.511773
13.423956
13.556950
13.851043
14.282323
13.316523
13.441265
13.996394
13.436750
13.318967
13.841609
13.657918
13.169487
13.612986
13.556950
13.453920
13.407686
13.520268
13.526801
13.603230
13.431321
13.529075
13.436750
13.638723
13.800688
13.686522
13.573059
13.550441
14.068547
13.834227
13.617555
13.494673
13.834227
13.249330
13.583392
13.413376
13.657918
13.550441
13.544386
13.315916
14.094248
13.509864
13.406349
14.158027
13.487503
13.449755
13.616222
13.584046
13.413376
13.564940
13.438062
13.536894
13.660684
13.524060
13.422669
13.525432
13.488187
13.193878
13.616994
13.528621

13.093607
13.130130
13.169487
13.193878
13.249330
13.260139
13.260139
13.315916
13.316523
13.318967
13.406349
13.406349
13.407686
13.413376
13.413376
13.413376
13.413376
13.413376
13.413376
13.414693
13.422669
13.422669
13.423956
13.423956
13.426429
13.431321
13.436750
13.436750
13.438062
13.441265
13.539367
13.657918
13.717796
13.343075
13.621266
13.413376
13.503589
13.316523
13.413376
13.249750
13.407686
13.193878
13.260139
13.283618
13.130130
13.130130
13.248761
13.431321
13.130130
13.343615
13.413376
13.183637
13.436750
13.315916
13.636135
13.436750
13.527197
13.316523
13.436750
13.611548
13.309438
13.316523
13.698538
13.365622
13.318967
13.315916
13.413376
13.368296
13.370552
13.169487
13.431321
13.431321
13.352319
13.436750
13.391962
13.406957
13.431321
13.413376
13.413376
13.411208
12.841018
13.526828
13.396103
13.608143
13.045927
13.612669
13.249750
13.533520
13.392228
13.451297
13.274172
13.260139
13.130130
13.356618
13.263005
13.795415
13.553590
13.489904
13.789939
13.413376

12.841018
13.045927
13.093607
13.130130
13.130130
13.130130
13.130130
13.246302
13.169487
13.169487
13.183637
13.193878
13.193878
13.248761
13.249330
13.249750
13.249750
13.260139
13.260139
13.260139
13.260139
13.263005
13.274172
13.283618
13.309438
13.315916
13.315916
13.315916
13.316523
13.316523
13.318967
13.413376
13.413376
13.422669
13.315916
13.235586
13.194987
13.249750
13.260139
13.436750
13.270662
13.116331
13.413376
13.413376
13.086032
13.260139
13.086032
13.093607
13.431321
13.069786
13.116331
13.039685
13.513212
13.137044
13.488313
13.413376
13.137044
13.076834
13.011327
13.488517
13.686344
13.130130
13.086032
13.280856
13.249750
13.346642
13.130130
13.137044
13.382171
13.436750
13.841583
13.188539
13.252331
13.342309
13.308711
13.347495
12.967112
13.315906
13.422669
13.283618
13.242445
13.222938
13.348194
13.193756
12.967112
13.283618
13.271268
13.130130
12.967112
13.209380
13.318967
13.061668
13.093607
13.023865
13.076834
13.188120
13.315916
13.248761
13.422669
13.507248

12.841018
12.967112
12.967112
12.967112
13.011327
13.023865
13.039685
13.045927
13.061668
13.069786
13.076834
13.076834
13.086032
13.086032
13.086032
13.093607
13.093607
13.093607
13.116331
13.116331
13.130130
13.130130
13.130130
13.130130
13.130130
13.130130
13.130130
13.137044
13.137044
13.137044
13.308711
13.226873
12.841018
13.011327
13.232495
13.137044
13.137044
13.061668
12.977392
12.927340
13.137044
12.918385
12.967112
13.076834
13.137044
13.076834
13.011327
13.130130
13.090224
13.222938
12.967112
13.086032
12.841018
13.230569
13.141531
12.927340
13.076834
12.967112
12.841018
13.093607
13.130130
12.966933
13.213032
12.967112
13.037256
13.318967
13.318967
13.132828
13.147352
13.045927
13.011327
12.841018
13.182461
13.011327
12.967112
13.011327
13.130130
13.076834
12.967112
13.061668
12.967112
13.086032
13.076834
12.841018
13.032294
13.116331
12.967112
13.130130
13.093607
12.860981
12.841018
13.137044
13.132828
13.252601
13.086032
12.967112
13.169487
13.076834
13.247684
13.180239

12.841018
12.841018
12.841018
12.841018
12.841018
12.841018
12.841018
12.860981
12.918385
12.927340
12.927340
12.966933
12.967112
12.967112
12.967112
12.967112
12.967112
12.967112
12.967112
12.967112
12.967112
12.967112
12.967112
12.967112
12.977392
13.011327
13.011327
13.011327
13.011327
13.011327
13.076834
13.116331
13.137044
12.841018
13.130130
13.137044
12.975523
13.076834
12.967112
12.897534
12.841018
12.967112
12.954990
12.951206
12.967112
12.977392
12.967112
12.967112
12.841018
13.130130
12.977392
12.841018
12.975523
12.841018
12.967112
13.023865
12.967112
13.011327
12.967112
12.967112
13.011327
12.967112
12.952252
12.967112
13.130130
12.841018
12.967112
12.967112
12.866819
12.841018
12.841018
12.927340
13.192794
12.966933
12.841018
12.967112
12.967112
12.841018
12.927340
12.967112
12.967112
12.967112
12.841018
12.927340
12.967112
12.841018
12.841018
12.967112
12.962060
12.841018
12.841018
12.860981
13.023865
12.967112
12.924460
12.967112
12.841018
12.967112
12.967112
12.967112

12.841018
12.841018
12.841018
12.841018
12.841018
12.841018
12.841018
12.841018
12.841018
12.841018
12.841018
12.841018
12.841018
12.841018
12.841018
12.841018
12.841018
12.841018
12.841018
12.841018
12.841018
12.841018
12.841018
12.860981
12.860981
12.866819
12.897534
12.918385
12.924460
12.927340
12.975523
12.967112
12.841018
12.841018
12.841018
12.841018
12.841018
12.841018
12.841018
12.927340
12.841018
12.851703
12.841018
12.841018
12.927340
12.927340
12.927340
12.841018
12.967112
12.841018
12.841018
12.841018
13.097572
12.841018
12.798651
12.841018
12.841018
12.841018
12.841018
12.841018
12.841018
12.975523
12.866819
12.962079
12.967112
12.841018
12.967112
12.910639
12.841018
12.841018
12.986521
12.975523
12.841018
12.722944
12.841018
12.918385
12.841018
12.967112
12.841018
12.841018
12.860912
12.841018
12.975523
12.841018
12.841018
12.841018
12.841018
12.841018
12.841018
12.841018
12.841018
12.924460
12.841018
12.927340
12.841018
12.841018
12.722944
12.897534
12.841018
12.897534

12.722944
12.722944
12.798651
12.841018
12.841018
12.841018
12.841018
12.841018
12.841018
12.841018
12.841018
12.841018
12.841018
12.841018
12.841018
12.841018
12.841018
12.841018
12.841018
12.841018
12.841018
12.841018
12.841018
12.841018
12.841018
12.841018
12.841018
12.841018
12.841018
12.841018
12.841018
12.841018
12.927340
12.967112
12.841018
12.841018
12.841018
12.798651
12.841018
12.927340
12.841018
12.841018
12.841018
12.841018
12.841018
12.841018
12.897534
12.841018
12.841018
12.722944
12.841018
12.841018
12.841018
12.841018
12.841018
12.841018
12.841018
12.841018
12.967112
12.841018
12.841018
12.841018
12.841018
12.841018
12.927340
13.086032
12.841018
12.798651
12.841018
12.841018
12.841018
12.845668
12.841018
12.841018
12.841018
12.841018
12.841018
12.841018
12.841018
12.841018
12.841018
12.841018
12.841018
12.841018
12.798651
12.798651
12.841018
12.927340
12.841018
12.841018
12.841018
12.841018
12.841018
12.841018
12.841018
12.841018
12.798651
12.841018
12.841018
12.927340

12.722944
12.722944
12.722944
12.798651
12.798651
12.798651
12.798651
12.798651
12.798651
12.841018
12.841018
12.841018
12.841018
12.841018
12.841018
12.841018
12.841018
12.841018
12.841018
12.841018
12.841018
12.841018
12.841018
12.841018
12.841018
12.841018
12.841018
12.841018
12.841018
12.841018
12.841018
12.841018
12.722944
12.841018
12.841018
12.722944
12.798651
12.841018
12.841018
12.841018
12.841018
12.722944
12.798651
12.841018
12.841018
12.841018
12.798651
12.841018
12.841018
12.841018
12.841018
12.841018
12.798651
12.722944
12.841018
12.841018
12.798651
12.841018
12.841018
12.722944
12.841018
12.722944
12.841018
12.841018
12.841018
12.841018
12.841018
12.798651
12.841018
12.841018
12.722944
12.841018
12.798651
12.841018
12.798651
12.798651
12.841018
12.841018
12.841018
12.841018
12.841018
12.722944
12.841018
12.798651
12.798651
12.915065
12.841018
12.841018
12.841018
12.841018
12.841018
12.841018
12.841018
12.841018
12.798651
12.841018
12.841018
12.915065
12.841018
12.841018

12.722944
12.722944
12.722944
12.722944
12.722944
12.722944
12.722944
12.722944
12.722944
12.722944
12.722944
12.798651
12.798651
12.798651
12.798651
12.798651
12.798651
12.798651
12.798651
12.798651
12.798651
12.798651
12.798651
12.798651
12.798651
12.798651
12.798651
12.798651
12.798651
12.841018
12.841018
12.841018
12.841018
12.722944
12.841018
12.722944
12.722944
12.798651
12.798651
12.798651
12.722944
12.722944
12.798651
12.722944
12.841018
12.722944
12.722944
12.798651
12.798651
12.841018
12.841018
12.841018
12.798651
12.722944
12.841018
12.798651
12.722944
12.798651
12.798651
12.798651
12.798651
12.798651
12.798651
12.798651
12.722944
12.798651
12.798651
12.722944
12.798651
12.814209
12.901696
12.798651
12.798651
12.798651
12.798651
12.798651
12.722944
12.798651
12.798651
12.722944
12.722944
12.841018
12.798651
12.798651
12.722944
12.798651
12.798651
12.841018
12.798651
12.798651
12.798651
12.798651
12.798651
12.798651
12.798651
12.798651
12.722944
12.722944
12.841018
12.798651

12.722944
12.722944
12.722944
12.722944
12.722944
12.722944
12.722944
12.722944
12.722944
12.722944
12.722944
12.722944
12.722944
12.722944
12.722944
12.722944
12.722944
12.722944
12.722944
12.722944
12.722944
12.722944
12.722944
12.722944
12.722944
12.722944
12.722944
12.722944
12.722944
12.798651
12.798651
12.798651
12.798651
12.722944
12.722944
12.722944
12.722944
12.798651
12.798651
12.722944
12.722944
12.722944
12.722944
12.722944
12.798651
12.722944
12.722944
12.722944
12.722944
12.722944
12.722944
12.722944
12.722944
12.722944
12.722944
12.722944
12.722944
12.722944
12.722944
12.722944
12.722944
12.722944
12.722944
12.722944
12.722944
12.722944
12.722944
12.798651
12.722944
12.722944
12.722944
12.722944
12.722944
12.722944
12.722944
12.722944
12.722944
12.722944
12.722944
12.722944
12.722944
12.722944
12.722944
12.798651
12.722944
12.722944
12.798651
12.798651
12.798651
12.722944
12.722944
12.722944
12.722944
12.722944
12.722944
12.722944
12.722944
12.722944
12.722944
12.722944

12.722944
12.722944
12.722944
12.722944
12.722944
12.722944
12.722944
12.722944
12.722944
12.722944
12.722944
12.722944
12.722944
12.722944
12.722944
12.722944
12.722944
12.722944
12.722944
12.722944
12.722944
12.722944
12.722944
12.676644
12.722944
12.722944
12.722944
12.722944
12.722944
12.722944
12.722944
12.722944
12.722944
12.722944
12.722944
12.722944
12.722944
12.722944
12.676644
12.722944
12.722944
12.722944
12.722944
12.722944
12.722944
12.722944
12.722944
12.722944
12.722944
12.722944
12.722944
12.722944
12.722944
12.722944
12.676644
12.722944
12.722944
12.722944
12.722944
12.722944
12.722944
12.722944
12.722944
12.722944
12.722944
12.722944
12.676644
12.722944
12.722944
12.722944
12.722944
12.722944
12.722944
12.722944
12.722944
12.722944
12.722944
12.722944
12.722944
12.722944
12.722944
12.722944
12.722944
12.722944
12.722944
12.722944
12.722944
12.722944
12.722944
12.722944
12.722944
12.722944
12.722944
12.722944
12.722944
12.722944
12.722944
12.722944
12.722944
12.722944

12.676644
12.676644
12.676644
12.676644
12.722944
12.722944
12.722944
12.722944
12.722944
12.722944
12.722944
12.722944
12.722944
12.722944
12.722944
12.722944
12.722944
12.722944
12.722944
12.722944
12.722944
12.722944
12.722944
12.722944
12.722944
12.722944
12.722944
12.722944
12.722944
12.722944
12.722944
12.722944
12.722944
12.722944
12.676644
12.722944
12.722944
12.676644
12.722944
12.722944
12.722944
12.722944
12.722944
12.676644
12.722944
12.722944
12.722944
12.722944
12.722944
12.722944
12.722944
12.722944
12.676644
12.722944
12.676644
12.722944
12.722944
12.722944
12.722944
12.722944
12.722944
12.676644
12.722944
12.722944
12.722944
12.676644
12.722944
12.676644
12.722944
12.676644
12.722944
12.722944
12.722944
12.722944
12.722944
12.722944
12.722944
12.722944
12.722944
12.722944
12.722944
12.722944
12.676644
12.722944
12.722944
12.722944
12.676644
12.722944
12.722944
12.722944
12.722944
12.722944
12.722944
12.722944
12.722944
12.722944
12.722944
12.722944
12.722944
12.722944

12.676644
12.676644
12.676644
12.676644
12.676644
12.676644
12.676644
12.676644
12.676644
12.676644
12.676644
12.676644
12.676644
12.676644
12.676644
12.722944
12.722944
12.722944
12.722944
12.722944
12.722944
12.722944
12.722944
12.722944
12.722944
12.722944
12.722944
12.722944
12.722944
12.722944
12.722944
12.722944
12.722944
12.722944
12.722944
12.722944
12.722944
12.722944
12.722944
12.676644
12.722944
12.722944
12.722944
12.722944
12.722944
12.676644
12.722944
12.722944
12.676644
12.676644
12.722944
12.676644
12.722944
12.722944
12.676644
12.722944
12.722944
12.722944
12.722944
12.676644
12.722944
12.722944
12.722944
12.676644
12.722944
12.676644
12.676644
12.676644
12.676644
12.676644
12.722944
12.676644
12.722944
12.722944
12.722944
12.722944
12.676644
12.676644
12.676644
12.722944
12.722944
12.676644
12.676644
12.722944
12.722944
12.676644
12.722944
12.676644
12.676644
12.722944
12.722944
12.722944
12.722944
12.676644
12.676644
12.722944
12.722944
12.722944
12.722944
12.722944

12.676644
12.676644
12.676644
12.676644
12.676644
12.676644
12.676644
12.676644
12.676644
12.676644
12.676644
12.676644
12.676644
12.676644
12.676644
12.676644
12.676644
12.676644
12.676644
12.676644
12.676644
12.676644
12.676644
12.676644
12.676644
12.676644
12.676644
12.676644
12.676644
12.676644
12.676644
12.676644
12.676644
12.676644
12.676644
12.676644
12.676644
12.676644
12.676644
12.676644
12.676644
12.676644
12.676644
12.676644
12.676644
12.676644
12.676644
12.676644
12.676644
12.676644
12.676644
12.676644
12.676644
12.676644
12.676644
12.676644
12.676644
12.676644
12.676644
12.676644
12.676644
12.676644
12.676644
12.676644
12.676644
12.676644
12.676644
12.676644
12.676644
12.676644
12.676644
12.676644
12.676644
12.676644
12.676644
12.676644
12.676644
12.676644
12.676644
12.676644
12.676644
12.676644
12.676644
12.676644
12.676644
12.676644
12.676644
12.676644
12.676644
12.676644
12.676644
12.676644
12.676644
12.676644
12.676644
12.676644
12.676644
12.676644
12.676644
12.676644

12.676644
12.676644
12.676644
12.676644
12.676644
12.676644
12.676644
12.676644
12.676644
12.676644
12.676644
12.676644
12.676644
12.676644
12.676644
12.676644
12.745547
12.676644
12.676644
12.676644
12.676644
12.676644
12.676644
12.676644
12.676644
12.676644
12.676644
12.676644
12.676644
12.676644
12.676644
12.676644
12.676644
12.676644
12.745547
12.676644
12.676644
12.676644
12.676644
12.676644
12.676644
12.676644
12.676644
12.676644
12.676644
12.676644
12.676644
12.676644
12.676644
12.676644
12.676644
12.676644
12.676644
12.676644
12.676644
12.676644
12.676644
12.676644
12.676644
12.676644
12.676644
12.676644
12.676644
12.676644
12.676644
12.676644
12.676644
12.676644
12.676644
12.676644
12.676644
12.676644
12.676644
12.676644
12.676644
12.676644
12.676644
12.676644
12.676644
12.676644
12.676644
12.676644
12.676644
12.676644
12.676644
12.676644
12.676644
12.676644
12.676644
12.676644
12.676644
12.676644
12.676644
12.676644
12.676644
12.676644
12.676644
12.676644
12.676644
12.676644

12.676644
12.676644
12.676644
12.676644
12.676644
12.676644
12.676644
12.676644
12.676644
12.676644
12.676644
12.676644
12.676644
12.676644
12.676644
12.676644
12.676644
12.676644
12.676644
12.676644
12.676644
12.676644
12.676644
12.676644
12.676644
12.676644
12.676644
12.676644
12.676644
12.676644
12.676644
12.676644
12.676644
12.676644
12.676644
12.676644
12.676644
12.676644
12.676644
12.676644
12.676644
12.676644
12.676644
12.676644
12.676644
12.676644
12.676644
12.676644
12.676644
12.676644
12.676644
12.676644
12.676644
12.676644
12.676644
12.676644
12.676644
12.676644
12.676644
12.676644
12.676644
12.676644
12.676644
12.676644
12.676644
12.676644
12.676644
12.676644
12.676644
12.676644
12.676644
12.676644
12.676644
12.676644
12.676644
12.676644
12.676644
12.676644
12.676644
12.676644
12.676644
12.676644
12.676644
12.676644
12.676644
12.676644
12.676644
12.676644
12.676644
12.676644
12.676644
12.676644
12.676644
12.676644
12.676644
12.676644
12.676644
12.676644
12.676644
12.676644

12.676644
12.676644
12.676644
12.676644
12.676644
12.676644
12.676644
12.676644
12.676644
12.676644
12.676644
12.676644
12.676644
12.676644
12.676644
12.676644
12.676644
12.676644
12.676644
12.676644
12.676644
12.676644
12.676644
12.676644
12.676644
12.676644
12.676644
12.676644
12.676644
12.676644
12.676644
12.676644
12.676644
12.676644
12.676644
12.676644
12.676644
12.676644
12.676644
12.676644
12.676644
12.676644
12.676644
12.676644
12.676644
12.676644
12.676644
12.676644
12.676644
12.676644
12.676644
12.676644
12.676644
12.676644
12.676644
12.676644
12.676644
12.676644
12.676644
12.676644
12.676644
12.676644
12.676644
12.676644
12.676644
12.676644
12.676644
12.676644
12.676644
12.676644
12.676644
12.676644
12.676644
12.676644
12.676644
12.676644
12.676644
12.676644
12.676644
12.676644
12.676644
12.676644
12.676644
12.676644
12.676644
12.676644
12.676644
12.676644
12.676644
12.676644
12.676644
12.676644
12.676644
12.676644
12.676644
12.676644
12.676644
12.676644
12.676644
12.676644

12.676644
12.676644
12.676644
12.676644
12.676644
12.676644
12.676644
12.676644
12.676644
12.676644
12.676644
12.676644
12.676644
12.676644
12.676644
12.676644
12.676644
12.676644
12.676644
12.676644
12.676644
12.676644
12.676644
12.676644
12.676644
12.676644
12.676644
12.676644
12.676644
12.676644
12.676644
12.676644
12.676644
12.676644
12.676644
12.676644
12.676644
12.676644
12.676644
12.676644
12.676644
12.676644
12.676644
12.676644
12.676644
12.676644
12.676644
12.676644
12.676644
12.676644
12.676644
12.676644
12.676644
12.676644
12.676644
12.676644
12.676644
12.676644
12.676644
12.676644
12.676644
12.676644
12.676644
12.676644
12.676644
12.676644
12.676644
12.676644
12.676644
12.676644
12.676644
12.676644
12.676644
12.676644
12.676644
12.676644
12.676644
12.676644
12.676644
12.676644
12.676644
12.676644
12.676644
12.676644
12.676644
12.676644
12.676644
12.676644
12.676644
12.676644
12.676644
12.676644
12.676644
12.676644
12.676644
12.676644
12.676644
12.676644
12.676644
12.676644

12.676644
12.676644
12.676644
12.676644
12.676644
12.676644
12.676644
12.676644
12.676644
12.676644
12.676644
12.676644
12.676644
12.676644
12.676644
12.676644
12.676644
12.676644
12.676644
12.676644
12.676644
12.676644
12.676644
12.676644
12.676644
12.676644
12.676644
12.676644
12.676644
12.676644
12.676644
12.676644
12.676644
12.676644
12.676644
12.676644
12.676644
12.676644
12.676644
12.676644
12.676644
12.676644
12.676644
12.676644
12.676644
12.676644
12.676644
12.676644
12.676644
12.676644
12.676644
12.676644
12.676644
12.676644
12.676644
12.676644
12.676644
12.676644
12.676644
12.676644
12.676644
12.676644
12.676644
12.676644
12.676644
12.676644
12.676644
12.676644
12.676644
12.676644
12.676644
12.676644
12.676644
12.676644
12.676644
12.676644
12.676644
12.676644
12.676644
12.676644
12.676644
12.676644
12.676644
12.676644
12.676644
12.676644
12.676644
12.676644
12.676644
12.676644
12.676644
12.676644
12.676644
12.676644
12.676644
12.676644
12.676644
12.676644
12.676644
12.676644

12.676644
12.676644
12.676644
12.676644
12.676644
12.676644
12.676644
12.676644
12.676644
12.676644
12.676644
12.676644
12.676644
12.676644
12.676644
12.676644
12.676644
12.676644
12.676644
12.676644
12.676644
12.676644
12.676644
12.676644
12.676644
12.676644
12.676644
12.676644
12.676644
12.676644
12.676644
12.676644
12.676644
12.676644
12.676644
12.676644
12.676644
12.676644
12.676644
12.676644
12.676644
12.676644
12.676644
12.676644
12.676644
12.676644
12.676644
12.676644
12.676644
12.676644
12.676644
12.676644
12.676644
12.676644
12.676644
12.676644
12.676644
12.676644
12.676644
12.676644
12.676644
12.676644
12.676644
12.676644
12.676644
12.676644
12.676644
12.676644
12.676644
12.676644
12.676644
12.676644
12.676644
12.676644
12.676644
12.676644
12.676644
12.676644
12.676644
12.676644
12.676644
12.676644
12.676644
12.676644
12.676644
12.676644
12.676644
12.676644
12.676644
12.676644
12.676644
12.676644
12.676644
12.676644
12.676644
12.676644
12.676644
12.676644
12.676644
12.676644

12.676644
12.676644
12.676644
12.676644
12.676644
12.676644
12.676644
12.676644
12.676644
12.676644
12.676644
12.676644
12.676644
12.676644
12.676644
12.676644
12.676644
12.676644
12.676644
12.676644
12.676644
12.676644
12.676644
12.676644
12.676644
12.676644
12.676644
12.676644
12.676644
12.676644
12.676644
12.676644
12.676644
12.676644
12.676644
12.676644
12.676644
12.676644
12.676644
12.676644
12.676644
12.676644
12.676644
12.676644
12.676644
12.676644
12.676644
12.676644
12.676644
12.676644
12.676644
12.676644
12.676644
12.676644
12.676644
12.676644
12.676644
12.676644
12.676644
12.676644
12.676644
12.676644
12.676644
12.676644
12.676644
12.676644
12.676644
12.676644
12.676644
12.676644
12.676644
12.676644
12.676644
12.676644
12.676644
12.676644
12.676644
12.676644
12.676644
12.676644
12.676644
12.676644
12.676644
12.676644
12.676644
12.676644
12.676644
12.676644
12.676644
12.676644
12.676644
12.676644
12.676644
12.676644
12.676644
12.676644
12.676644
12.676644
12.676644
12.676644

12.676644
12.676644
12.676644
12.676644
12.676644
12.676644
12.676644
12.676644
12.676644
12.676644
12.676644
12.676644
12.676644
12.676644
12.676644
12.676644
12.676644
12.676644
12.676644
12.676644
12.676644
12.676644
12.676644
12.676644
12.676644
12.676644
12.676644
12.676644
12.676644
12.676644
12.676644
12.676644
12.676644
12.676644
12.676644
12.676644
12.682703
12.676644
12.676644
12.676644
12.676644
12.676644
12.676644
12.676644
12.676644
12.676644
12.676644
12.676644
12.676644
12.676644
12.676644
12.676644
12.676644
12.676644
12.676644
12.676644
12.676644
12.676644
12.676644
12.676644
12.676644
12.676644
12.676644
12.676644
12.676644
12.676644
12.676644
12.676644
12.676644
12.676644
12.676644
12.676644
12.676644
12.682703
12.676644
12.676644
12.676644
12.676644
12.676644
12.676644
12.676644
12.676644
12.682703
12.676644
12.676644
12.676644
12.676644
12.676644
12.676644
12.676644
12.676644
12.676644
12.676644
12.676644
12.676644
12.676644
12.676644
12.676644
12.676644
12.676644

12.676644
12.676644
12.676644
12.676644
12.676644
12.676644
12.676644
12.676644
12.676644
12.676644
12.676644
12.676644
12.676644
12.676644
12.676644
12.676644
12.676644
12.676644
12.676644
12.676644
12.676644
12.676644
12.676644
12.676644
12.676644
12.674614
12.676644
12.676644
12.676644
12.676644
12.676644
12.676644
12.676644
12.676644
12.676644
12.676644
12.674614
12.676644
12.676644
12.676644
12.676644
12.676644
12.676644
12.676644
12.676644
12.676644
12.676644
12.676644
12.676644
12.676644
12.676644
12.676644
12.676644
12.676644
12.676644
12.676644
12.676644
12.676644
12.676644
12.676644
12.676644
12.676644
12.676644
12.676644
12.676644
12.676644
12.676644
12.676644
12.676644
12.676644
12.676644
12.676644
12.676644
12.676644
12.676644
12.676644
12.676644
12.676644
12.676644
12.676644
12.676644
12.676644
12.676644
12.676644
12.676644
12.676644
12.676644
12.676644
12.676644
12.676644
12.676644
12.676644
12.676644
12.676644
12.676644
12.676644
12.676644
12.676644
12.676644
12.676644

12.674614
12.674614
12.676644
12.676644
12.676644
12.676644
12.676644
12.676644
12.676644
12.676644
12.676644
12.676644
12.676644
12.676644
12.676644
12.676644
12.676644
12.676644
12.676644
12.676644
12.676644
12.676644
12.676644
12.676644
12.676644
12.676644
12.676644
12.676644
12.676644
12.676644
12.676644
12.676644
12.676644
12.674614
12.674614
12.676644
12.676644
12.676644
12.676644
12.674614
12.676644
12.676644
12.676644
12.676644
12.676644
12.676644
12.676644
12.676644
12.676644
12.676644
12.676644
12.676644
12.676644
12.676644
12.676644
12.676644
12.674614
12.676644
12.676644
12.676644
12.676644
12.676644
12.676644
12.676644
12.676644
12.676644
12.674614
12.676644
12.676644
12.676644
12.676644
12.676644
12.676644
12.676644
12.676644
12.676644
12.676644
12.676644
12.676644
12.676644
12.676644
12.676644
12.676644
12.676644
12.676644
12.676644
12.676644
12.676644
12.676644
12.676644
12.676644
12.676644
12.676644
12.676644
12.676644
12.676644
12.676644
12.676644
12.676644
12.676644

12.674614
12.674614
12.674614
12.674614
12.674614
12.674614
12.674614
12.676644
12.676644
12.676644
12.676644
12.676644
12.676644
12.676644
12.676644
12.676644
12.676644
12.676644
12.676644
12.676644
12.676644
12.676644
12.676644
12.676644
12.676644
12.676644
12.676644
12.676644
12.676644
12.676644
12.676644
12.676644
12.676644
12.676644
12.676644
12.676644
12.676644
12.676644
12.674614
12.676644
12.676644
12.674614
12.676644
12.676644
12.674614
12.674614
12.676644
12.674614
12.676644
12.676644
12.676644
12.676644
12.676644
12.676644
12.676644
12.674614
12.676644
12.676644
12.676644
12.676644
12.676644
12.674614
12.676644
12.674614
12.676644
12.674614
12.676644
12.674614
12.676644
12.674614
12.676644
12.674614
12.676644
12.676644
12.676644
12.676644
12.676644
12.676644
12.676644
12.676644
12.676644
12.674614
12.676644
12.676644
12.676644
12.676644
12.676644
12.674614
12.674614
12.676644
12.676644
12.674614
12.676644
12.676644
12.676644
12.676644
12.676644
12.676644
12.676644
12.676644

12.674614
12.674614
12.674614
12.674614
12.674614
12.674614
12.674614
12.674614
12.674614
12.674614
12.674614
12.674614
12.674614
12.674614
12.674614
12.674614
12.674614
12.674614
12.674614
12.663846
12.674614
12.674614
12.674614
12.676644
12.676644
12.676644
12.676644
12.676644
12.676644
12.676644
12.676644
12.676644
12.676644
12.676644
12.676644
12.674614
12.676644
12.676644
12.676644
12.674614
12.674614
12.674614
12.674614
12.674614
12.676644
12.676644
12.676644
12.676644
12.674614
12.674614
12.674614
12.674614
12.674614
12.674614
12.674614
12.674614
12.674614
12.674614
12.676644
12.676644
12.674614
12.674614
12.674614
12.674614
12.674614
12.676644
12.676644
12.674614
12.674614
12.676644
12.674614
12.674614
12.674614
12.676644
12.663846
12.674614
12.674614
12.674614
12.674614
12.674614
12.674614
12.674614
12.676644
12.674614
12.674614
12.676644
12.674614
12.674614
12.676644
12.676644
12.674614
12.674614
12.674614
12.674614
12.674614
12.676644
12.674614
12.674614
12.676644
12.676644

12.663846
12.663846
12.674614
12.674614
12.674614
12.674614
12.674614
12.674614
12.674614
12.674614
12.674614
12.674614
12.674614
12.674614
12.674614
12.674614
12.674614
12.674614
12.674614
12.674614
12.674614
12.674614
12.674614
12.674614
12.674614
12.674614
12.674614
12.674614
12.674614
12.674614
12.676644
12.676644
12.780490
12.674614
12.674614
12.674614
12.674614
12.676644
12.674614
12.674614
12.674614
12.674614
12.674614
12.674614
12.674614
12.676644
12.674614
12.676644
12.674614
12.674614
12.674614
12.674614
12.674614
12.674614
12.674614
12.674614
12.674614
12.674614
12.674614
12.674614
12.674614
12.674614
12.674614
12.674614
12.674614
12.674614
12.674614
12.674614
12.674614
12.674614
12.674614
12.674614
12.674614
12.674614
12.663846
12.674614
12.674614
12.674614
12.674614
12.674614
12.674614
12.674614
12.674614
12.663846
12.674614
12.674614
12.674614
12.674614
12.674614
12.674614
12.674614
12.676644
12.780490
12.674614
12.674614
12.674614
12.663846
12.676644
12.674614
12.674614

12.663846
12.663846
12.663846
12.663846
12.663846
12.674614
12.674614
12.674614
12.674614
12.674614
12.674614
12.674614
12.674614
12.674614
12.674614
12.674614
12.674614
12.674614
12.674614
12.674614
12.674614
12.674614
12.674614
12.674614
12.674614
12.674614
12.674614
12.674614
12.674614
12.674614
12.672915
12.674614
12.674614
12.674614
12.674614
12.663846
12.674614
12.663846
12.663846
12.674614
12.663846
12.674614
12.674614
12.674614
12.674614
12.663846
12.674614
12.674614
12.674614
12.674614
12.674614
12.672915
12.674614
12.674614
12.674614
12.674614
12.663846
12.663846
12.674614
12.674614
12.674614
12.674614
12.674614
12.674614
12.663846
12.674614
12.674614
12.674614
12.674614
12.674614
12.674614
12.674614
12.674614
12.674614
12.663846
12.674614
12.674614
12.674614
12.674614
12.674614
12.674614
12.674614
12.674614
12.674614
12.663846
12.674614
12.674614
12.674614
12.674614
12.674614
12.663846
12.674614
12.674614
12.674614
12.674614
12.674614
12.674614
12.674614
12.674614
12.672915

12.663846
12.663846
12.663846
12.663846
12.663846
12.663846
12.663846
12.663846
12.663846
12.663846
12.663846
12.663846
12.663846
12.663846
12.663846
12.663846
12.672915
12.672915
12.672915
12.674614
12.674614
12.674614
12.674614
12.674614
12.674614
12.674614
12.674614
12.674614
12.674614
12.674614
12.674614
12.674614
12.674614
12.674614
12.674614
12.674614
12.674614
12.663846
12.663846
12.674614
12.663846
12.674614
12.674614
12.663846
12.674614
12.674614
12.663846
12.674614
12.674614
12.674614
12.674614
12.674614
12.663846
12.672915
12.674614
12.663846
12.674614
12.663846
12.674614
12.672915
12.674614
12.674614
12.674614
12.663846
12.663846
12.674614
12.663846
12.663846
12.674614
12.663846
12.674614
12.663846
12.674614
12.663846
12.663846
12.674614
12.674614
12.674614
12.674614
12.674614
12.672915
12.674614
12.674614
12.663846
12.663846
12.667762
12.663846
12.674614
12.674614
12.674614
12.663846
12.663846
12.663846
12.674614
12.663846
12.663846
12.674614
12.663846
12.674614
12.663846

12.663846
12.663846
12.663846
12.663846
12.663846
12.663846
12.663846
12.663846
12.663846
12.663846
12.663846
12.663846
12.663846
12.663846
12.663846
12.663846
12.663846
12.663846
12.663846
12.663846
12.663846
12.663846
12.663846
12.663846
12.663846
12.663846
12.663846
12.663846
12.663846
12.663846
12.674614
12.674614
12.663846
12.663846
12.663846
12.663846
12.674614
12.663846
12.663846
12.663846
12.663846
12.663846
12.663846
12.674614
12.663846
12.663846
12.663846
12.663846
12.663846
12.663846
12.663846
12.663846
12.663846
12.663846
12.663846
12.663846
12.663846
12.663846
12.663846
12.663846
12.663846
12.663846
12.663846
12.663846
12.663846
12.663846
12.663846
12.663846
12.663846
12.663846
12.663846
12.663846
12.663846
12.663846
12.663846
12.674614
12.663846
12.663846
12.663846
12.663846
12.663846
12.663846
12.663846
12.663846
12.663846
12.663846
12.663846
12.663846
12.663846
12.663846
12.663846
12.663846
12.663846
12.663846
12.663846
12.663846
12.663846
12.663846
12.663846
12.663846

12.663846
12.663846
12.663846
12.663846
12.663846
12.663846
12.663846
12.663846
12.663846
12.663846
12.663846
12.663846
12.663846
12.663846
12.663846
12.663846
12.663846
12.663846
12.663846
12.663846
12.663846
12.663846
12.663846
12.663846
12.663846
12.663846
12.663846
12.663846
12.663846
12.663846
12.663846
12.663846
12.663846
12.663846
12.663846
12.663846
12.663846
12.663846
12.663846
12.663846
12.663846
12.663846
12.663846
12.663846
12.663846
12.663846
12.663846
12.663846
12.663846
12.663846
12.663846
12.663846
12.663846
12.663846
12.663846
12.663846
12.663846
12.663846
12.663846
12.663846
12.663846
12.663846
12.663846
12.663846
12.663846
12.663846
12.663846
12.663846
12.663846
12.663846
12.663846
12.663846
12.663846
12.663846
12.663846
12.663846
12.663846
12.663846
12.663846
12.663846
12.663846
12.663846
12.663846
12.663846
12.663846
12.663846
12.663846
12.663846
12.663846
12.663846
12.663846
12.663846
12.663846
12.663846
12.663846
12.663846
12.663846
12.663846
12.663846
12.663846

12.663846
12.663846
12.663846
12.663846
12.663846
12.663846
12.663846
12.663846
12.663846
12.663846
12.663846
12.663846
12.663846
12.663846
12.663846
12.663846
12.663846
12.663846
12.663846
12.663846
12.663846
12.663846
12.663846
12.663846
12.663846
12.663846
12.663846
12.663846
12.663846
12.663846
12.663846
12.663846
12.663846
12.663846
12.663846
12.663846
12.663846
12.663846
12.663846
12.663846
12.663846
12.663846
12.663846
12.663846
12.663846
12.663846
12.663846
12.663846
12.663846
12.663846
12.663846
12.663846
12.663846
12.663846
12.663846
12.663846
12.663846
12.663846
12.663846
12.663846
12.663846
12.663846
12.663846
12.663846
12.663846
12.663846
12.663846
12.663846
12.663846
12.663846
12.663846
12.663846
12.663846
12.663846
12.663846
12.663846
12.663846
12.663846
12.663846
12.663846
12.663846
12.663846
12.663846
12.663846
12.663846
12.663846
12.663846
12.663846
12.663846
12.663846
12.663846
12.663846
12.663846
12.663846
12.663846
12.663846
12.663846
12.663846
12.663846
12.663846

12.663846
12.663846
12.663846
12.663846
12.663846
12.663846
12.663846
12.663846
12.663846
12.663846
12.663846
12.663846
12.663846
12.663846
12.663846
12.663846
12.663846
12.663846
12.663846
12.663846
12.663846
12.663846
12.663846
12.663846
12.663846
12.663846
12.663846
12.663846
12.663846
12.663846
12.663846
12.663846
12.663846
12.663846
12.663846
12.663846
12.663846
12.663846
12.663846
12.663846
12.663846
12.663846
12.663846
12.663846
12.663846
12.663846
12.663846
12.663846
12.663846
12.663846
12.663846
12.663846
12.663846
12.663846
12.663846
12.663846
12.663846
12.663846
12.663846
12.663846
12.663846
12.663846
12.663846
12.663846
12.663846
12.663846
12.663846
12.663846
12.663846
12.663846
12.663846
12.663846
12.663846
12.663846
12.663846
12.663846
12.663846
12.663846
12.663846
12.663846
12.663846
12.663846
12.663846
12.663846
12.663846
12.663846
12.663846
12.663846
12.663846
12.663846
12.663846
12.663846
12.663846
12.663846
12.663846
12.663846
12.663846
12.663846
12.663846
12.663846

12.663846
12.628224
12.663846
12.663846
12.663846
12.663846
12.663846
12.663846
12.663846
12.663846
12.663846
12.663846
12.663846
12.663846
12.663846
12.663846
12.663846
12.663846
12.663846
12.663846
12.663846
12.663846
12.663846
12.663846
12.663846
12.663846
12.663846
12.663846
12.663846
12.663846
12.663846
12.663846
12.663846
12.663846
12.663846
12.663846
12.663846
12.663846
12.663846
12.663846
12.663846
12.663846
12.663846
12.663846
12.663846
12.663846
12.663846
12.663846
12.663846
12.663846
12.663846
12.663846
12.663846
12.663846
12.663846
12.663846
12.628224
12.628224
12.663846
12.663846
12.663846
12.663846
12.663846
12.663846
12.663846
12.663846
12.663846
12.628224
12.663846
12.663846
12.663846
12.663846
12.663846
12.663846
12.663846
12.663846
12.663846
12.663846
12.663846
12.663846
12.663846
12.663846
12.663846
12.663846
12.663846
12.663846
12.663846
12.663846
12.663846
12.663846
12.663846
12.663846
12.663846
12.663846
12.663846
12.663846
12.663846
12.663846
12.663846
12.663846

12.628224
12.628224
12.628224
12.628224
12.663846
12.663846
12.663846
12.663846
12.663846
12.663846
12.663846
12.663846
12.663846
12.663846
12.663846
12.663846
12.663846
12.663846
12.663846
12.663846
12.663846
12.663846
12.663846
12.663846
12.663846
12.663846
12.663846
12.663846
12.663846
12.663846
12.663846
12.663846
12.663846
12.663846
12.663846
12.663846
12.663846
12.663846
12.663846
12.663846
12.663846
12.663846
12.628224
12.663846
12.628224
12.663846
12.663846
12.663846
12.663846
12.663846
12.663846
12.663846
12.663846
12.663846
12.663846
12.663846
12.663846
12.628224
12.628224
12.663846
12.663846
12.663846
12.663846
12.663846
12.663846
12.663846
12.663846
12.663846
12.663846
12.663846
12.663846
12.663846
12.663846
12.663846
12.663846
12.628224
12.663846
12.628224
12.663846
12.663846
12.663846
12.663846
12.663846
12.663846
12.663846
12.663846
12.663846
12.663846
12.663846
12.628224
12.663846
12.663846
12.663846
12.628224
12.628224
12.663846
12.663846
12.663846
12.663846
12.663846

12.628224
12.628224
12.628224
12.628224
12.628224
12.628224
12.628224
12.628224
12.628224
12.628224
12.628224
12.628224
12.628224
12.663846
12.663846
12.663846
12.663846
12.663846
12.663846
12.663846
12.663846
12.663846
12.663846
12.663846
12.663846
12.663846
12.663846
12.663846
12.663846
12.663846
12.663846
12.663846
12.663846
12.663846
12.663846
12.663846
12.663846
12.663846
12.628224
12.628224
12.628224
12.663846
12.628224
12.663846
12.663846
12.628224
12.663846
12.663846
12.628224
12.663846
12.663846
12.628224
12.628224
12.663846
12.663846
12.628224
12.628224
12.628224
12.663846
12.663846
12.663846
12.663846
12.628224
12.663846
12.628224
12.663846
12.628224
12.663846
12.628224
12.663846
12.628224
12.628224
12.628224
12.663846
12.663846
12.663846
12.663846
12.663846
12.628224
12.628224
12.628224
12.663846
12.663846
12.663846
12.663846
12.628224
12.663846
12.663846
12.663846
12.628224
12.663846
12.663846
12.628224
12.663846
12.628224
12.663846
12.663846
12.628224
12.663846
12.663846

12.628224
12.628224
12.628224
12.628224
12.628224
12.628224
12.628224
12.628224
12.628224
12.628224
12.628224
12.628224
12.628224
12.628224
12.628224
12.628224
12.628224
12.628224
12.658822
12.628224
12.628224
12.628224
12.628224
12.628224
12.628224
12.628224
12.628224
12.628224
12.628224
12.628224
12.628224
12.663846
12.663846
12.628224
12.628224
12.628224
12.628224
12.628224
12.628224
12.628224
12.628224
12.628224
12.628224
12.628224
12.628224
12.628224
12.628224
12.628224
12.628224
12.628224
12.628224
12.628224
12.628224
12.628224
12.663846
12.628224
12.628224
12.628224
12.663846
12.628224
12.628224
12.628224
12.628224
12.628224
12.628224
12.628224
12.628224
12.628224
12.628224
12.628224
12.628224
12.628224
12.628224
12.628224
12.628224
12.628224
12.628224
12.628224
12.628224
12.628224
12.628224
12.628224
12.628224
12.628224
12.628224
12.628224
12.628224
12.628224
12.628224
12.628224
12.628224
12.628224
12.628224
12.663846
12.628224
12.628224
12.658822
12.628224
12.628224
12.628224

12.628224
12.628224
12.628224
12.628224
12.628224
12.628224
12.628224
12.628224
12.628224
12.628224
12.628224
12.628224
12.628224
12.628224
12.628224
12.628224
12.628224
12.628224
12.628224
12.628224
12.628224
12.628224
12.628224
12.628224
12.628224
12.628224
12.628224
12.628224
12.628224
12.628224
12.628224
12.628224
12.628224
12.628224
12.628224
12.628224
12.628224
12.628224
12.628224
12.628224
12.628224
12.628224
12.628224
12.628224
12.628224
12.628224
12.628224
12.628224
12.628224
12.628224
12.628224
12.628224
12.628224
12.628224
12.628224
12.628224
12.628224
12.628224
12.628224
12.628224
12.628224
12.628224
12.628224
12.628224
12.628224
12.628224
12.628224
12.628224
12.628224
12.628224
12.628224
12.628224
12.628224
12.628224
12.628224
12.628224
12.628224
12.628224
12.628224
12.628224
12.628224
12.628224
12.628224
12.628224
12.628224
12.628224
12.628224
12.628224
12.628224
12.628224
12.628224
12.628224
12.628224
12.628224
12.628224
12.628224
12.628224
12.628224
12.628224
12.628224

12.628224
12.628224
12.628224
12.628224
12.628224
12.628224
12.628224
12.628224
12.628224
12.628224
12.628224
12.628224
12.628224
12.628224
12.628224
12.628224
12.628224
12.628224
12.628224
12.628224
12.628224
12.628224
12.628224
12.628224
12.628224
12.628224
12.628224
12.628224
12.628224
12.628224
12.627850
12.628224
12.628224
12.628224
12.628224
12.628224
12.628224
12.628224
12.628224
12.628224
12.628224
12.628224
12.628224
12.628224
12.628224
12.628224
12.628224
12.628224
12.628224
12.628224
12.628224
12.628224
12.628224
12.628224
12.628224
12.628224
12.628224
12.628224
12.628224
12.628224
12.628224
12.628224
12.628224
12.628224
12.628224
12.628224
12.628224
12.627850
12.628224
12.628224
12.628224
12.628224
12.628224
12.628224
12.628224
12.628224
12.628224
12.628224
12.628224
12.628224
12.628224
12.628224
12.628224
12.628224
12.628224
12.627850
12.628224
12.628224
12.628224
12.628224
12.628224
12.627850
12.628224
12.628224
12.628224
12.628224
12.628224
12.628224
12.628224
12.627850

12.627850
12.627850
12.627850
12.627850
12.627850
12.628224
12.628224
12.628224
12.628224
12.628224
12.628224
12.628224
12.628224
12.628224
12.628224
12.628224
12.628224
12.628224
12.628224
12.628224
12.628224
12.803603
12.628224
12.628224
12.628224
12.628224
12.628224
12.628224
12.628224
12.628224
12.628224
12.628224
12.628224
12.627850
12.628224
12.628224
12.716519
12.628224
12.678292
12.628224
12.628224
12.628224
12.628224
12.628224
12.628224
12.628224
12.628224
12.628224
12.628224
12.628224
12.628224
12.628224
12.628224
12.627850
12.628224
12.627850
12.628224
12.628224
12.628224
12.627850
12.628224
12.776603
12.628224
12.628224
12.628224
12.628224
12.628224
12.628224
12.628224
12.628224
12.759080
12.628224
12.627850
12.628224
12.628224
12.628224
12.627850
12.628224
12.628224
12.628224
12.628224
12.628224
12.628224
12.628224
12.628224
12.628224
12.628224
12.627850
12.627850
12.830631
12.627850
12.628224
12.628224
12.628224
12.628224
12.628224
12.628224
12.628224
12.628224
12.628224

13.242565
13.427744
13.242565
13.242565
13.242565
13.242565
13.242565
13.242565
13.242565
13.342762
13.242565
13.242565
13.242565
13.242565
13.241358
13.241358
13.241358
13.241358
13.241358
13.241358
13.241358
13.241358
13.241358
13.241358
13.241358
13.241358
13.241358
13.241358
13.241358
13.241358
13.241358
13.380845
13.242565
13.241358
13.342762
13.241358
13.241358
13.342762
13.241358
13.241358
13.241358
13.241358
13.242565
13.241358
13.241358
13.342762
13.241358
13.241358
13.241358
13.241358
13.241358
13.242565
13.241358
13.241358
13.241358
13.241358
13.241358
13.242565
13.242565
13.241358
13.241358
13.241358
13.241358
13.242565
13.241358
13.242565
13.241358
13.241358
13.242565
13.241358
13.241358
13.241358
13.241358
13.242565
13.242565
13.241358
13.241358
13.242565
13.242565
13.241358
13.242565
13.241358
13.241358
13.241358
13.241358
13.241358
13.242565
13.241358
13.241358
13.241358
13.241358
13.241358
13.242565
13.241358
13.241358
13.242565
13.241358
13.241358
13.342762
13.242565

13.241358
13.241358
13.241358
13.241358
13.241358
13.241358
13.241358
13.241358
13.241358
13.241358
13.241358
13.241358
13.241358
13.241358
13.241358
13.241358
13.307471
13.241358
13.241358
13.241358
13.241358
13.241358
13.241358
13.241358
13.241358
13.241358
13.241358
13.241358
13.241358
13.241358
13.241358
13.241358
13.241358
13.241358
13.242565
13.242565
13.242565
13.241358
13.242565
13.241358
13.241358
13.241358
13.241358
13.241358
13.241358
13.307471
13.241358
13.241358
13.241358
13.241358
13.241358
13.241358
13.241358
13.241358
13.241358
13.241358
13.241358
13.241358
13.241358
13.241358
13.241358
13.241358
13.241358
13.241358
13.241358
13.241358
13.241358
13.242565
13.241358
13.241358
13.241358
13.242565
13.241358
13.241358
13.241358
13.241358
13.241358
13.241358
13.241358
13.241358
13.241358
13.241358
13.241358
13.241358
13.241358
13.241358
13.241358
13.241358
13.241358
13.241358
13.241358
13.241358
13.241358
13.241358
13.241358
13.241358
13.241358
13.241358
13.241358
13.241358

13.241358
13.241358
13.241358
13.241358
13.241358
13.241358
13.241358
13.241358
13.241358
13.241358
13.241358
13.241358
13.241358
13.241358
13.241358
13.241358
13.241358
13.241358
13.241358
13.241358
13.241358
13.241358
13.241358
13.241358
13.241358
13.241358
13.241358
13.241358
13.241358
13.241358
13.241358
13.241358
13.241358
13.241358
13.241358
13.241358
13.241358
13.241358
13.241358
13.241358
13.241358
13.241358
13.241358
13.241358
13.241358
13.241358
13.241358
13.241358
13.241358
13.241358
13.241358
13.241358
13.241358
13.241358
13.241358
13.241358
13.241358
13.241358
13.241358
13.241358
13.241358
13.241358
13.241358
13.241358
13.241358
13.241358
13.241358
13.241358
13.241358
13.241358
13.241358
13.241358
13.241358
13.241358
13.241358
13.241358
13.241358
13.241358
13.241358
13.241358
13.241358
13.241358
13.241358
13.241358
13.241358
13.241358
13.241358
13.241358
13.241358
13.241358
13.241358
13.241358
13.241358
13.241358
13.241358
13.241358
13.241358
13.241358
13.241358
13.241358

13.241358
13.241358
13.241358
13.241358
13.241358
13.241358
13.241358
13.241358
13.241358
13.241358
13.241358
13.241358
13.241358
13.241358
13.241358
13.241358
13.241358
13.241358
13.241358
13.241358
13.241358
13.241358
13.241358
13.241358
13.241358
13.241358
13.241358
13.241358
13.241358
13.241358
13.241358
13.241358
13.241358
13.241358
13.241358
13.241358
13.241358
13.241358
13.241358
13.241358
13.241358
13.241358
13.241358
13.241358
13.241358
13.241358
13.241358
13.241358
13.241358
13.241358
13.241358
13.241358
13.241358
13.241358
13.241358
13.241358
13.241358
13.241358
13.241358
13.241358
13.241358
13.241358
13.241358
13.241358
13.241358
13.241358
13.241358
13.241358
13.241358
13.241358
13.241358
13.241358
13.241358
13.241358
13.241358
13.241358
13.241358
13.241358
13.241358
13.241358
13.241358
13.241358
13.241358
13.241358
13.241358
13.241358
13.241358
13.241358
13.241358
13.241358
13.241358
13.241358
13.241358
13.241358
13.241358
13.241358
13.241358
13.241358
13.241358
13.241358

13.241358
13.241358
13.241358
13.241358
13.241358
13.241358
13.241358
13.241358
13.241358
13.241358
13.241358
13.241358
13.241358
13.241358
13.241358
13.241358
13.241358
13.241358
13.241358
13.241358
13.241358
13.241358
13.241358
13.241358
13.241358
13.241358
13.241358
13.241358
13.241358
13.241358
13.241358
13.241358
13.241358
13.241358
13.241358
13.241358
13.241358
13.241358
13.241358
13.241358
13.241358
13.241358
13.241358
13.241358
13.241358
13.241358
13.241358
13.241358
13.241358
13.241358
13.241358
13.241358
13.241358
13.241358
13.241358
13.241358
13.241358
13.241358
13.241358
13.241358
13.241358
13.241358
13.241358
13.241358
13.241358
13.241358
13.241358
13.241358
13.241358
13.241358
13.241358
13.241358
13.241358
13.241358
13.241358
13.241358
13.241358
13.241358
13.241358
13.241358
13.241358
13.241358
13.241358
13.241358
13.241358
13.241358
13.241358
13.241358
13.241358
13.241358
13.241358
13.241358
13.241358
13.241358
13.241358
13.241358
13.241358
13.241358
13.241358
13.241358

13.241358
13.241358
13.241358
13.241358
13.241358
13.241358
13.241358
13.241358
13.241358
13.335708
13.241358
13.241358
13.241358
13.241358
13.241358
13.241358
13.241358
13.241358
13.241358
13.241358
13.241358
13.241358
13.241358
13.241358
13.241358
13.441621
13.241358
13.241358
13.241358
13.241358
13.241358
13.241358
13.241358
13.241358
13.241358
13.241358
13.241358
13.241358
13.241358
13.241358
13.241358
13.241358
13.241358
13.241358
13.241358
13.241358
13.241358
13.241358
13.241358
13.241358
13.241358
13.241358
13.241358
13.241358
13.241358
13.241358
13.241358
13.241358
13.241358
13.241358
13.241358
13.241358
13.241358
13.241358
13.241358
13.241358
13.241358
13.241358
13.241358
13.241358
13.241358
13.241358
13.241358
13.241358
13.241358
13.335708
13.241358
13.241358
13.241358
13.241358
13.241358
13.241358
13.241358
13.241358
13.241358
13.241358
13.241358
13.241358
13.241358
13.241358
13.241358
13.241358
13.241358
13.241358
13.241358
13.241358
13.335708
13.241358
13.241358
13.241358

13.241358
13.241358
13.241358
13.241358
13.241358
13.241358
13.241358
13.241358
13.241358
13.241358
13.241358
13.241358
13.241358
13.241358
13.241358
13.241358
13.241358
13.241358
13.241358
13.241358
13.241358
13.262536
13.241358
13.241358
13.241358
13.241358
13.241358
13.241358
13.241358
13.241358
13.241358
13.241358
13.241358
13.241358
13.241358
13.241358
13.241358
13.241358
13.241358
13.241358
13.241358
13.241358
13.241358
13.241358
13.241358
13.241358
13.241358
13.241358
13.241358
13.241358
13.241358
13.241358
13.241358
13.241358
13.241358
13.241358
13.241358
13.241358
13.241358
13.241358
13.241358
13.241358
13.241358
13.241358
13.241358
13.241358
13.241358
13.241358
13.241358
13.241358
13.241358
13.241358
13.241358
13.241358
13.241358
13.241358
13.241358
13.241358
13.241358
13.241358
13.241358
13.241358
13.241358
13.241358
13.241358
13.241358
13.241358
13.241358
13.241358
13.241358
13.241358
13.241358
13.241358
13.241358
13.241358
13.241358
13.241358
13.241358
13.241358
13.241358

