15.483026
14.912697
14.722652
14.424587
14.211803
14.089247
13.912722
13.771564
13.560682
13.381277
13.245605
13.068440
12.949843
12.867157
12.844833
12.821885
12.783390
12.732029
12.721092
12.715999
12.704887
12.676644
12.678022
12.676644
12.676644
12.676644
12.676644
12.676644
12.676644
12.676826
12.676604
12.676502
12.676177
12.675048
12.676335
12.672840
12.669921
12.664385
12.663846
12.663846
12.663846
12.662421
12.659215
12.649954
12.630617
12.628224
12.628205
12.636126
13.250037
13.242752
13.241358
13.241358
13.241358
13.246191
13.241569
