86.573856
84.703649
85.068360
85.434283
85.314581
84.902792
85.880889
85.185907
85.452141
85.397000
84.551826
84.568440
84.990398
86.275494
85.419506
84.356434
85.768602
85.342478
85.223491
85.129937
85.724375
85.495631
86.210262
85.194936
85.579084
85.245840
85.535815
85.619275
85.340927
86.117987
85.124292
86.195875
85.264294
85.142055
85.297293
84.703701
85.333228
85.891251
86.087024
86.118880
85.310092
85.387921
85.523896
86.223826
85.988149
85.400183
85.533341
85.561762
85.409971
86.037530

86.573856
86.275494
86.223826
86.210262
86.195875
86.118880
86.117987
86.087024
86.037530
85.988149
85.891251
85.880889
85.768602
85.724375
85.619275
85.579084
85.452141
85.342478
85.068360
85.655425
86.005795
86.044901
85.596734
86.042260
85.906359
85.536568
85.944183
85.995808
85.204046
86.365642
86.534154
85.694609
86.008719
85.223062
86.103982
84.870600
85.566984
85.589280
85.843373
86.263173
86.090018
86.006397
85.919293
86.046759
85.541191
84.337130
85.831750
85.413320
86.342882
85.438980

86.573856
86.534154
86.365642
86.342882
86.275494
86.263173
86.223826
86.210262
86.195875
86.118880
86.117987
86.103982
86.090018
86.087024
86.046759
85.639138
86.541485
86.200909
86.195875
85.767985
85.518083
86.304567
85.678142
86.400990
86.327908
86.052026
86.025936
86.370900
86.356254
85.762343
85.913685
86.384165
86.610892
85.977678
86.431684
85.664691
86.289199
86.318194
85.670029
86.034760
86.232891
85.931936
86.377045
86.324856
86.659686
86.239586
85.905910
86.275494
85.647317
85.650826

86.659686
86.610892
86.573856
86.541485
86.534154
86.431684
86.400990
86.384165
86.377045
86.370900
86.365642
86.356254
86.342882
86.327908
86.324856
85.977678
85.678142
86.359700
86.572677
86.877159
86.194307
85.816195
85.715642
86.621327
86.396114
86.213929
85.822954
86.336970
85.241505
86.120012
86.529627
86.135049
85.106875
86.509945
86.196875
86.145764
85.393728
85.998992
85.629849
86.293973
86.193507
86.401972
85.711577
85.840161
86.511408
86.319519
87.002617
85.909066
86.074693
86.482461

87.002617
86.877159
86.659686
86.621327
86.610892
86.573856
86.572677
86.541485
86.534154
86.529627
86.511408
86.509945
86.482461
86.431684
86.401972
86.194307
86.074693
86.061947
86.725456
86.476436
86.447896
86.638411
86.446302
86.626282
86.444739
86.556751
86.707107
86.040201
86.360118
86.182411
86.019925
86.526730
86.137837
86.536618
86.699559
86.492401
86.250534
86.503828
86.428105
86.617161
85.978866
86.573856
86.422748
86.675528
86.470678
86.755716
86.081424
86.614747
86.890471
86.593812

87.002617
86.890471
86.877159
86.755716
86.725456
86.707107
86.699559
86.675528
86.659686
86.638411
86.626282
86.621327
86.617161
86.614747
86.610892
86.536618
86.727698
86.294047
86.520566
86.605378
86.751108
86.777994
86.136997
86.537901
86.162820
86.689887
86.607502
86.334782
86.871579
86.746206
86.435795
86.108652
86.738171
86.541962
86.373333
86.541390
87.019876
86.304404
86.276808
86.700468
86.928964
86.636940
86.605527
86.725456
86.626282
86.010719
86.511408
86.767918
86.357683
86.467215

87.019876
87.002617
86.928964
86.890471
86.877159
86.871579
86.777994
86.767918
86.755716
86.751108
86.746206
86.738171
86.727698
86.725456
86.725456
86.536618
86.178466
86.384440
86.829878
86.898393
86.625659
86.945428
87.062257
86.584849
86.192573
86.240987
86.674195
87.000148
86.941372
86.622479
86.302151
86.733633
86.577672
86.760864
86.420786
86.993518
86.762345
87.050709
86.550032
86.682369
86.593750
86.751108
86.567694
86.590136
86.912687
86.297200
86.447896
86.727698
86.877159
86.623518

87.062257
87.050709
87.019876
87.002617
87.000148
86.993518
86.945428
86.941372
86.928964
86.912687
86.898393
86.890471
86.877159
86.877159
86.871579
86.751108
86.622479
86.959076
86.662567
86.871579
86.280238
86.947829
86.818174
86.630386
87.041657
86.617442
87.114805
87.055577
87.253391
86.877159
87.062257
86.877159
86.615347
86.628523
86.926673
86.621251
86.725566
86.785064
86.609265
86.016150
86.912687
87.058512
86.564449
86.733661
86.793891
86.787009
86.987942
86.326808
87.027773
86.836036

87.253391
87.114805
87.062257
86.856736
87.058512
87.055577
87.050709
87.041657
87.027773
87.019876
87.002617
87.000148
86.993518
86.987942
86.959076
86.877159
86.834248
86.725566
86.622479
86.617442
86.619351
86.953403
86.771803
87.069030
87.002617
86.877159
86.877159
87.160211
86.339826
87.116219
86.722288
86.696430
86.761346
87.091608
86.705263
86.773889
87.114805
87.007161
86.591071
86.783793
86.700518
86.730157
87.041657
86.874555
86.984136
86.783782
87.062257
87.062257
87.041657
87.041657

87.253391
87.160211
87.116219
87.114805
87.114805
87.091608
87.069030
87.062257
87.062257
87.062257
87.058512
87.055577
87.050709
87.041657
87.041657
86.874555
87.116219
87.062257
87.016634
86.836703
86.993126
87.110506
87.040527
87.062257
87.160211
86.887896
87.051665
87.149033
87.435496
87.062257
87.015357
87.046150
87.035848
86.865537
86.929873
86.915217
87.114805
86.915614
87.037997
87.056882
87.077535
87.181811
87.062257
86.970636
87.040527
87.136952
86.798583
86.883121
87.114805
87.182601

87.435496
87.253391
87.182601
87.181811
87.160211
87.160211
87.149033
87.136952
87.116219
87.116219
87.114805
87.114805
87.114805
87.114805
87.110506
87.062257
87.015357
86.997784
87.225519
87.114805
87.114805
87.110506
87.182601
87.114805
86.641020
87.026254
87.149033
87.103588
87.057828
87.114805
87.028029
87.062257
87.114805
87.114805
86.534458
86.971629
86.946983
86.917118
87.231374
86.731366
87.160211
87.201937
86.859251
87.122828
86.974547
86.935016
86.785363
87.071178
87.025463
87.038642

87.435496
87.253391
87.231374
87.225519
87.201937
87.182601
87.182601
87.181811
87.160211
87.160211
87.160211
87.149033
87.149033
87.136952
87.122828
87.034310
87.132918
87.060862
87.013510
87.233278
87.122828
87.149173
87.160211
87.127559
87.034310
87.072153
87.243751
87.164395
87.160211
87.185910
87.044508
87.231374
87.022748
87.225519
87.181811
87.233278
87.422281
87.061981
87.253391
87.253391
87.149033
87.149033
87.103588
87.012067
87.422281
87.243751
86.989262
86.746770
87.160211
87.266326

87.435496
87.422281
87.422281
87.266326
87.253391
87.253391
87.253391
87.243751
87.243751
87.233278
87.233278
87.231374
87.231374
87.225519
87.225519
87.160211
87.149033
87.297487
87.422281
87.110475
87.225519
86.965744
87.155971
87.233278
87.435496
87.253391
87.225519
87.225519
87.253391
87.422281
87.435496
87.225519
87.182620
87.422281
87.110451
87.225519
87.115200
87.266326
87.243751
87.114524
87.133398
87.253391
87.149033
87.422281
87.422281
87.253391
87.422281
87.231374
87.160211
86.994036

87.435496
87.435496
87.435496
87.422281
87.422281
87.422281
87.422281
87.422281
87.422281
87.422281
87.422281
87.297487
87.266326
87.266326
87.253391
87.422281
87.250202
87.422281
87.422281
87.422281
87.422281
87.422281
87.435496
87.422281
87.422281
87.422281
87.435496
87.266326
87.362571
87.185423
87.422281
87.422281
87.266326
87.435496
87.422281
87.435496
87.348954
87.435496
87.422281
87.422281
87.422281
87.297297
87.270832
87.145545
87.195493
87.422281
87.253391
87.422281
87.422281
87.422281

87.435496
87.435496
87.435496
87.435496
87.435496
87.435496
87.435496
87.435496
87.422281
87.422281
87.422281
87.422281
87.422281
87.422281
87.422281
87.422281
87.195493
87.435496
87.435496
87.435496
87.422281
87.435496
87.422281
87.207580
87.422281
87.422281
87.435496
87.435496
87.435496
87.422281
87.195493
87.422281
87.422281
87.435496
87.435496
87.422281
87.435496
87.435496
87.422281
87.435496
87.435496
87.435496
87.435496
87.435496
87.435496
87.422281
87.172067
87.422281
87.435496
87.422281

87.435496
87.435496
87.435496
87.435496
87.435496
87.435496
87.435496
87.435496
87.435496
87.435496
87.435496
87.435496
87.435496
87.435496
87.435496
87.435496
87.422281
87.435496
87.435496
87.435496
87.435496
87.435496
87.435496
87.435496
87.435496
87.435496
87.435496
87.435496
87.435496
87.435496
87.422281
87.435496
87.435496
87.435496
87.422281
87.435496
87.435496
87.435496
87.435496
87.435496
87.435496
87.435496
87.435496
87.422281
87.435496
87.435496
87.435496
87.435496
87.435496
87.435496

87.435496
87.435496
87.435496
87.435496
87.435496
87.435496
87.435496
87.435496
87.435496
87.435496
87.435496
87.435496
87.435496
87.435496
87.435496
87.435496
87.435496
87.435496
87.435496
87.435496
87.435496
87.435496
87.435496
87.435496
87.435496
87.435496
87.435496
87.435496
87.435496
87.435496
87.435496
87.435496
87.435496
87.435496
87.435496
87.435496
87.435496
87.435496
87.435496
87.435496
87.435496
87.435496
87.435496
87.435496
87.435496
87.435496
87.435496
87.435496
87.435496
87.435496

87.435496
87.435496
87.435496
87.435496
87.435496
87.435496
87.435496
87.435496
87.435496
87.435496
87.435496
87.435496
87.435496
87.435496
87.435496
87.435496
87.435496
87.435496
87.435496
87.435496
87.435496
87.435496
87.435496
87.435496
87.435496
87.435496
87.435496
87.435496
87.435496
87.435496
87.435496
87.435496
87.435496
87.435496
87.435496
87.435496
87.435496
87.435496
87.435496
87.435496
87.435496
87.435496
87.435496
87.435496
87.435496
87.435496
87.435496
87.435496
87.435496
87.435496

87.435496
87.435496
87.435496
87.435496
87.435496
87.435496
87.435496
87.435496
87.435496
87.435496
87.435496
87.435496
87.435496
87.435496
87.435496
87.435496
87.435496
87.435496
87.435496
87.435496
87.435496
87.435496
87.435496
87.435496
87.435496
87.435496
87.435496
87.435496
87.435496
87.435496
87.435496
87.435496
87.435496
87.435496
87.435496
87.435496
87.435496
87.435496
87.435496
87.435496
87.435496
87.435496
87.435496
87.435496
87.435496
87.435496
87.435496
87.435496
87.435496
87.435496

87.435496
87.435496
87.435496
87.435496
87.435496
87.435496
87.435496
87.435496
87.435496
87.435496
87.435496
87.435496
87.435496
87.435496
87.435496
87.435496
87.435496
87.435496
87.435496
87.435496
87.435496
87.435496
87.435496
87.435496
87.435496
87.435496
87.435496
87.435496
87.435496
87.435496
87.435496
87.435496
87.435496
87.435496
87.435496
87.435496
87.435496
87.435496
87.435496
87.435496
87.435496
87.435496
87.435496
87.435496
87.435496
87.435496
87.435496
87.435496
87.435496
87.435496

87.435496
87.435496
87.435496
87.435496
87.435496
87.435496
87.435496
87.435496
87.435496
87.435496
87.435496
87.435496
87.435496
87.435496
87.435496
87.435496
87.435496
87.435496
87.435496
87.435496
87.435496
87.435496
87.435496
87.435496
87.435496
87.435496
87.435496
87.435496
87.435496
87.435496
87.435496
87.435496
87.435496
87.435496
87.435496
87.435496
87.435496
87.435496
87.435496
87.435496
87.435496
87.435496
87.435496
87.435496
87.435496
87.435496
87.435496
87.435496
87.435496
87.435496

87.435496
87.435496
87.435496
87.435496
87.435496
87.435496
87.435496
87.435496
87.435496
87.435496
87.435496
87.435496
87.435496
87.435496
87.435496
87.435496
87.435496
87.435496
87.435496
87.435496
87.435496
87.435496
87.435496
87.435496
87.435496
87.435496
87.435496
87.435496
87.435496
87.435496
87.435496
87.435496
87.435496
87.435496
87.435496
87.435496
87.435496
87.435496
87.435496
87.435496
87.435496
87.435496
87.435496
87.435496
87.435496
87.435496
87.435496
87.435496
87.435496
87.435496

87.435496
87.435496
87.435496
87.435496
87.435496
87.435496
87.435496
87.435496
87.435496
87.435496
87.435496
87.435496
87.435496
87.435496
87.435496
87.435496
87.435496
87.435496
87.435496
87.435496
87.435496
87.435496
87.435496
87.435496
87.435496
87.435496
87.435496
87.435496
87.435496
87.435496
87.435496
87.435496
87.435496
87.435496
87.435496
87.435496
87.435496
87.435496
87.435496
87.435496
87.435496
87.435496
87.435496
87.435496
87.435496
87.435496
87.435496
87.435496
87.435496
87.435496

87.435496
87.435496
87.435496
87.435496
87.435496
87.435496
87.435496
87.435496
87.435496
87.435496
87.435496
87.435496
87.435496
87.435496
87.435496
87.435496
87.435496
87.435496
87.435496
87.435496
87.435496
87.435496
87.435496
87.435496
87.435496
87.435496
87.435496
87.435496
87.435496
87.435496
87.435496
87.435496
87.435496
87.435496
87.435496
87.435496
87.435496
87.435496
87.435496
87.435496
87.435496
87.435496
87.435496
87.435496
87.435496
87.435496
87.435496
87.435496
87.435496
87.435496

87.435496
87.435496
87.435496
87.435496
87.435496
87.435496
87.435496
87.435496
87.435496
87.435496
87.435496
87.435496
87.435496
87.435496
87.435496
87.435496
87.435496
87.435496
87.435496
87.435496
87.435496
87.435496
87.435496
87.435496
87.435496
87.435496
87.435496
87.435496
87.435496
87.435496
87.435496
87.435496
87.435496
87.435496
87.435496
87.435496
87.435496
87.435496
87.435496
87.435496
87.435496
87.435496
87.435496
87.435496
87.435496
87.435496
87.435496
87.435496
87.435496
87.435496

87.435496
87.435496
87.435496
87.435496
87.435496
87.435496
87.435496
87.435496
87.435496
87.435496
87.435496
87.435496
87.435496
87.435496
87.435496
87.435496
87.435496
87.435496
87.435496
87.435496
87.435496
87.435496
87.435496
87.435496
87.435496
87.435496
87.435496
87.435496
87.435496
87.435496
87.435496
87.435496
87.435496
87.435496
87.435496
87.435496
87.435496
87.435496
87.435496
87.435496
87.435496
87.435496
87.435496
87.435496
87.435496
87.435496
87.435496
87.435496
87.435496
87.435496

87.435496
87.455282
87.435496
87.435496
87.370924
87.435496
87.435496
87.435496
87.435496
87.435496
87.435496
87.435496
87.435496
87.435496
87.435496
87.435496
87.438856
87.435496
87.435496
87.435496
87.435496
87.435496
87.435496
87.435496
87.435496
87.435496
87.380363
87.435496
87.435496
87.435496
87.435496
87.435496
87.435496
87.435496
87.435496
87.435496
87.435496
87.435496
87.435496
87.369508
87.435496
87.435496
87.435496
87.435496
87.514985
87.466600
87.435496
87.492114
87.449753
87.435496

87.514985
87.492114
87.466600
87.455282
87.449753
87.438856
87.435496
87.435496
87.435496
87.435496
87.435496
87.387502
87.435496
87.435496
87.435496
87.435496
87.435496
87.435496
87.438856
87.435496
87.435496
87.492114
87.492114
87.435496
87.514985
87.435496
87.435496
87.435496
87.514985
87.435496
87.435496
87.466600
87.449753
87.492114
87.435496
87.435496
87.449753
87.435496
87.435496
87.435496
87.435496
87.492114
87.435496
87.435496
87.435496
87.435496
87.435496
87.449753
87.435496
87.435496

87.514985
87.514985
87.514985
87.492114
87.492114
87.492114
87.492114
87.492114
87.466600
87.466600
87.455282
87.449753
87.449753
87.449753
87.449753
87.438856
87.435496
87.435496
87.492114
87.449753
87.492114
87.449753
87.492114
87.492114
87.492114
87.514985
87.435496
87.449753
87.514985
87.435496
87.492114
87.438856
87.492114
87.514985
87.492114
87.435496
87.466600
87.455282
87.492114
87.492114
87.449753
87.514985
87.449753
87.449753
87.449753
87.492114
87.492114
87.466600
87.449753
87.492114

87.514985
87.514985
87.514985
87.514985
87.514985
87.514985
87.514985
87.492114
87.492114
87.492114
87.492114
87.492114
87.492114
87.492114
87.492114
87.514985
87.492114
87.492114
87.514985
87.514985
87.492114
87.514985
87.492114
87.514985
87.514985
87.514985
87.492114
87.492114
87.492114
87.514985
87.514985
87.492114
87.514985
87.514985
87.492114
87.492114
87.492114
87.492114
87.514985
87.514985
87.492114
87.492114
87.514985
87.514985
87.492114
87.514985
87.492114
87.514985
87.492114
87.514985

87.514985
87.514985
87.514985
87.514985
87.514985
87.514985
87.514985
87.514985
87.514985
87.514985
87.514985
87.514985
87.514985
87.514985
87.514985
87.514985
87.514985
87.514985
87.514985
87.514985
87.514985
87.514985
87.514985
87.514985
87.514985
87.514985
87.514985
87.514985
87.514985
87.514985
87.514985
87.514985
87.514985
87.514985
87.514985
87.514985
87.514985
87.514985
87.514985
87.514985
87.514985
87.514985
87.514985
87.514985
87.514985
87.514985
87.514985
87.514985
87.514985
87.514985

87.514985
87.514985
87.514985
87.514985
87.514985
87.514985
87.514985
87.514985
87.514985
87.514985
87.514985
87.514985
87.514985
87.514985
87.514985
87.514985
87.514985
87.514985
87.514985
87.514985
87.514985
87.514985
87.514985
87.514985
87.514985
87.514985
87.514985
87.514985
87.514985
87.514985
87.514985
87.514985
87.514985
87.514985
87.514985
87.514985
87.514985
87.514985
87.514985
87.514985
87.514985
87.514985
87.514985
87.514985
87.514985
87.514985
87.514985
87.514985
87.514985
87.514985

87.514985
87.514985
87.514985
87.514985
87.514985
87.514985
87.514985
87.514985
87.514985
87.514985
87.514985
87.514985
87.514985
87.514985
87.514985
87.514985
87.514985
87.514985
87.514985
87.514985
87.514985
87.514985
87.514985
87.514985
87.514985
87.514985
87.514985
87.514985
87.514985
87.514985
87.514985
87.514985
87.514985
87.514985
87.514985
87.514985
87.514985
87.514985
87.514985
87.514985
87.514985
87.514985
87.514985
87.514985
87.514985
87.514985
87.514985
87.514985
87.514985
87.514985

87.514985
87.514985
87.514985
87.514985
87.514985
87.514985
87.514985
87.514985
87.514985
87.514985
87.514985
87.514985
87.514985
87.514985
87.514985
87.514985
87.514985
87.514985
87.514985
87.514985
87.514985
87.514985
87.514985
87.514985
87.514985
87.514985
87.514985
87.514985
87.514985
87.514985
87.514985
87.514985
87.514985
87.514985
87.514985
87.514985
87.514985
87.514985
87.514985
87.514985
87.514985
87.514985
87.514985
87.514985
87.514985
87.514985
87.514985
87.514985
87.514985
87.514985

87.514985
87.514985
87.514985
87.514985
87.514985
87.514985
87.514985
87.514985
87.514985
87.514985
87.514985
87.514985
87.514985
87.514985
87.514985
87.514985
87.514985
87.514985
87.514985
87.514985
87.514985
87.514985
87.514985
87.514985
87.514985
87.514985
87.514985
87.514985
87.514985
87.514985
87.514985
87.514985
87.514985
87.514985
87.514985
87.514985
87.514985
87.514985
87.514985
87.514985
87.514985
87.514985
87.514985
87.514985
87.514985
87.514985
87.514985
87.514985
87.514985
87.514985

87.514985
87.514985
87.514985
87.514985
87.514985
87.514985
87.514985
87.514985
87.514985
87.514985
87.514985
87.514985
87.514985
87.514985
87.514985
87.514985
87.514985
87.514985
87.514985
87.514985
87.514985
87.514985
87.514985
87.514985
87.514985
87.514985
87.514985
87.514985
87.514985
87.514985
87.514985
87.514985
87.514985
87.514985
87.514985
87.514985
87.514985
87.514985
87.514985
87.514985
87.514985
87.514985
87.514985
87.514985
87.514985
87.514985
87.514985
87.514985
87.514985
87.514985

87.514985
87.514985
87.514985
87.514985
87.514985
87.514985
87.514985
87.514985
87.514985
87.514985
87.514985
87.514985
87.514985
87.514985
87.514985
87.514985
87.514985
87.514985
87.514985
87.514985
87.514985
87.514985
87.514985
87.514985
87.514985
87.514985
87.514985
87.514985
87.514985
87.514985
87.514985
87.514985
87.514985
87.514985
87.514985
87.514985
87.514985
87.514985
87.514985
87.514985
87.514985
87.514985
87.514985
87.514985
87.514985
87.514985
87.514985
87.514985
87.514985
87.514985

87.514985
87.514985
87.514985
87.514985
87.514985
87.514985
87.514985
87.514985
87.514985
87.514985
87.514985
87.514985
87.514985
87.514985
87.514985
87.514985
87.514985
87.514985
87.514985
87.514985
87.514985
87.514985
87.514985
87.514985
87.514985
87.514985
87.514985
87.514985
87.514985
87.514985
87.514985
87.514985
87.514985
87.514985
87.514985
87.514985
87.514985
87.514985
87.514985
87.514985
87.514985
87.514985
87.514985
87.514985
87.514985
87.514985
87.514985
87.514985
87.514985
87.514985

87.514985
87.514985
87.514985
87.514985
87.514985
87.514985
87.514985
87.514985
87.514985
87.514985
87.514985
87.514985
87.514985
87.514985
87.514985
87.514985
87.514985
87.514985
87.514985
87.514985
87.514985
87.514985
87.514985
87.514985
87.514985
87.514985
87.514985
87.514985
87.514985
87.514985
87.514985
87.514985
87.514985
87.514985
87.514985
87.514985
87.514985
87.514985
87.514985
87.514985
87.514985
87.514985
87.514985
87.514985
87.514985
87.514985
87.514985
87.514985
87.514985
87.514985

87.514985
87.514985
87.514985
87.514985
87.514985
87.514985
87.514985
87.514985
87.514985
87.514985
87.514985
87.514985
87.514985
87.514985
87.514985
87.514985
87.514985
87.514985
87.514985
87.514985
87.514985
87.514985
87.514985
87.514985
87.514985
87.514985
87.514985
87.514985
87.514985
87.514985
87.514985
87.514985
87.514985
87.514985
87.514985
87.514985
87.514985
87.514985
87.514985
87.514985
87.514985
87.514985
87.514985
87.514985
87.514985
87.514985
87.514985
87.514985
87.514985
87.514985

87.514985
87.514985
87.514985
87.514985
87.514985
87.514985
87.514985
87.514985
87.514985
87.514985
87.514985
87.514985
87.514985
87.514985
87.514985
87.514985
87.514985
87.514985
87.514985
87.514985
87.514985
87.514985
87.514985
87.514985
87.514985
87.514985
87.514985
87.514985
87.514985
87.514985
87.514985
87.514985
87.514985
87.514985
87.514985
87.514985
87.514985
87.514985
87.514985
87.514985
87.514985
87.514985
87.514985
87.514985
87.514985
87.514985
87.514985
87.514985
87.514985
87.514985

87.514985
87.514985
87.514985
87.514985
87.514985
87.514985
87.514985
87.514985
87.514985
87.514985
87.514985
87.514985
87.514985
87.514985
87.514985
87.514985
87.514985
87.514985
87.514985
87.514985
87.514985
87.514985
87.514985
87.514985
87.514985
87.514985
87.514985
87.514985
87.514985
87.514985
87.514985
87.514985
87.514985
87.514985
87.514985
87.514985
87.514985
87.514985
87.514985
87.514985
87.514985
87.514985
87.514985
87.514985
87.514985
87.514985
87.514985
87.514985
87.514985
87.514985

87.514985
87.514985
87.514985
87.514985
87.514985
87.514985
87.514985
87.514985
87.514985
87.514985
87.514985
87.514985
87.514985
87.514985
87.514985
87.514985
87.514985
87.514985
87.514985
87.514985
87.514985
87.514985
87.514985
87.514985
87.514985
87.514985
87.514985
87.514985
87.514985
87.514985
87.514985
87.514985
87.514985
87.514985
87.514985
87.514985
87.514985
87.514985
87.514985
87.514985
87.514985
87.514985
87.514985
87.514985
87.514985
87.514985
87.514985
87.514985
87.514985
87.514985

87.514985
87.514985
87.514985
87.514985
87.514985
87.514985
87.514985
87.514985
87.514985
87.514985
87.514985
87.514985
87.514985
87.514985
87.514985
87.514985
87.455286
87.514985
87.514985
87.455286
87.514985
87.514985
87.514985
87.514985
87.514985
87.514985
87.514985
87.455286
87.514985
87.514985
87.514985
87.514985
87.514985
87.514985
87.514985
87.514985
87.514985
87.514985
87.514985
87.514985
87.514985
87.514985
87.455286
87.514985
87.514985
87.514985
87.514985
87.514985
87.514985
87.514985

87.514985
87.514985
87.514985
87.514985
87.514985
87.514985
87.514985
87.514985
87.514985
87.514985
87.514985
87.514985
87.514985
87.514985
87.514985
87.514985
87.514985
87.514985
87.514985
87.455286
87.514985
87.514985
87.514985
87.514985
87.514985
87.514985
87.514985
87.514985
87.514985
87.514985
87.514985
87.514985
87.514985
87.514985
87.514985
87.514985
87.514985
87.514985
87.514985
87.514985
87.455286
87.514985
87.514985
87.514985
87.514985
87.514985
87.455286
87.514985
87.514985
87.514985

87.514985
87.514985
87.514985
87.514985
87.514985
87.514985
87.514985
87.514985
87.514985
87.514985
87.514985
87.514985
87.514985
87.514985
87.514985
87.514985
87.514985
87.514985
87.514985
87.514985
87.514985
87.514985
87.514985
87.514985
87.514985
87.514985
87.514985
87.514985
87.514985
87.514985
87.514985
87.514985
87.514985
87.514985
87.514985
87.514985
87.514985
87.514985
87.514985
87.514985
87.514985
87.514985
87.514985
87.514985
87.514985
87.514985
87.514985
87.514985
87.514985
87.514985

87.514985
87.514985
87.514985
87.514985
87.514985
87.514985
87.514985
87.514985
87.514985
87.514985
87.514985
87.514985
87.514985
87.514985
87.514985
87.514985
87.514985
87.514985
87.514985
87.514985
87.514985
87.514985
87.514985
87.514985
87.514985
87.514985
87.514985
87.514985
87.514985
87.514985
87.514985
87.514985
87.514985
87.514985
87.514985
87.514985
87.514985
87.514985
87.514985
87.514985
87.514985
87.514985
87.514985
87.514985
87.514985
87.514985
87.514985
87.514985
87.514985
87.514985

87.514985
87.514985
87.514985
87.514985
87.514985
87.514985
87.514985
87.514985
87.514985
87.514985
87.514985
87.514985
87.514985
87.514985
87.514985
87.514985
87.514985
87.514985
87.514985
87.514985
87.514985
87.514985
87.514985
87.514985
87.514985
87.514985
87.514985
87.514985
87.514985
87.514985
87.514985
87.514985
87.514985
87.514985
87.514985
87.514985
87.514985
87.514985
87.514985
87.514985
87.514985
87.514985
87.514985
87.514985
87.514985
87.514985
87.514985
87.514985
87.514985
87.514985

87.514985
87.514985
87.514985
87.514985
87.514985
87.514985
87.514985
87.514985
87.514985
87.514985
87.514985
87.514985
87.514985
87.514985
87.514985
87.514985
87.514985
87.514985
87.514985
87.514985
87.514985
87.514985
87.514985
87.514985
87.514985
87.514985
87.514985
87.514985
87.514985
87.514985
87.514985
87.514985
87.514985
87.514985
87.514985
87.514985
87.514985
87.514985
87.514985
87.514985
87.514985
87.514985
87.514985
87.514985
87.514985
87.514985
87.514985
87.514985
87.514985
87.514985

87.514985
87.514985
87.514985
87.514985
87.514985
87.514985
87.514985
87.514985
87.514985
87.514985
87.514985
87.514985
87.514985
87.514985
87.514985
87.514985
87.514985
87.514985
87.514985
87.514985
87.514985
87.514985
87.514985
87.514985
87.514985
87.514985
87.514985
87.514985
87.514985
87.514985
87.514985
87.514985
87.514985
87.514985
87.514985
87.514985
87.514985
87.514985
87.514985
87.514985
87.514985
87.514985
87.514985
87.514985
87.514985
87.514985
87.514985
87.514985
87.514985
87.514985

87.514985
87.514985
87.514985
87.514985
87.514985
87.514985
87.514985
87.514985
87.514985
87.514985
87.514985
87.514985
87.514985
87.514985
87.514985
87.514985
87.514985
87.514985
87.514985
87.514985
87.514985
87.514985
87.514985
87.514985
87.514985
87.514985
87.514985
87.514985
87.514985
87.514985
87.514985
87.514985
87.514985
87.514985
87.514985
87.514985
87.514985
87.514985
87.514985
87.514985
87.514985
87.514985
87.514985
87.514985
87.514985
87.514985
87.514985
87.514985
87.514985
87.514985

87.514985
87.514985
87.514985
87.514985
87.514985
87.320152
87.514985
87.514985
87.514985
87.514985
87.514985
87.514985
87.514985
87.514985
87.514985
87.514985
87.514985
87.514985
87.514985
87.514985
87.514985
87.514985
87.514985
87.514985
87.514985
87.514985
87.514985
87.514985
87.514985
87.514985
87.514985
87.514985
87.514985
87.514985
87.514985
87.514985
87.514985
87.514985
87.514985
87.514985
87.514985
87.514985
87.514985
87.514985
87.514985
87.514985
87.514985
87.514985
87.514985
87.514985

87.514985
87.514985
87.514985
87.514985
87.514985
87.514985
87.514985
87.430937
87.514985
87.514985
87.514985
87.514985
87.514985
87.514985
87.514985
87.514985
87.514985
87.514985
87.514985
87.514985
87.514985
87.514985
87.514985
87.514985
87.514985
87.514985
87.514985
87.514985
87.514985
87.514985
87.514985
87.514985
87.514985
87.514985
87.514985
87.514985
87.514985
87.514985
87.514985
87.514985
87.514985
87.514985
87.514985
87.514985
87.514985
87.514985
87.514985
87.514985
87.514985
87.514985

87.514985
87.478981
87.514985
87.514985
87.514985
87.514985
87.514985
87.514985
87.514985
87.514985
87.514985
87.514985
87.514985
87.514985
87.514985
87.514985
87.514985
87.514985
87.514985
87.514985
87.514985
87.514985
87.514985
87.514985
87.514985
87.514985
87.514985
87.514985
87.514985
87.514985
87.514985
87.514985
87.514985
87.514985
87.514985
87.514985
87.514985
87.514985
87.514985
87.478981
87.514985
87.514985
87.478981
87.514985
87.514985
87.514985
87.514985
87.514985
87.514985
87.514985

87.514985
87.514985
87.514985
87.514985
87.514985
87.514985
87.514985
87.514985
87.514985
87.514985
87.514985
87.514985
87.514985
87.514985
87.514985
87.514985
87.514985
87.514985
87.514985
87.514985
87.514985
87.514985
87.514985
87.514985
87.514985
87.514985
87.514985
87.514985
87.514985
87.514985
87.514985
87.514985
87.514985
87.514985
87.514985
87.514985
87.514985
87.514985
87.514985
87.514985
87.514985
87.514985
87.514985
87.514985
87.514985
87.514985
87.514985
87.514985
87.514985
87.514985

87.514985
87.514985
87.514985
87.514985
87.514985
87.514985
87.514985
87.514985
87.514985
87.514985
87.514985
87.514985
87.514985
87.514985
87.514985
87.514985
87.514985
87.514985
87.514985
87.514985
87.514985
87.514985
87.514985
87.514985
87.514985
87.514985
87.514985
87.514985
87.514985
87.514985
87.514985
87.514985
87.514985
87.514985
87.514985
87.514985
87.514985
87.514985
87.514985
87.514985
87.514985
87.514985
87.514985
87.514985
87.514985
87.514985
87.514985
87.514985
87.514985
87.514985

87.514985
87.514985
87.514985
87.514985
87.514985
87.514985
87.514985
87.514985
87.514985
87.514985
87.514985
87.514985
87.514985
87.514985
87.514985
87.514985
87.514985
87.514985
87.514985
87.514985
87.514985
87.514985
87.514985
87.514985
87.514985
87.514985
87.514985
87.514985
87.514985
87.514985
87.514985
87.514985
87.514985
87.514985
87.514985
87.514985
87.514985
87.514985
87.514985
87.514985
87.514985
87.514985
87.514985
87.514985
87.514985
87.514985
87.514985
87.514985
87.514985
87.514985

87.514985
87.514985
87.514985
87.514985
87.514985
87.514985
87.514985
87.514985
87.514985
87.514985
87.514985
87.514985
87.514985
87.514985
87.514985
87.514985
87.514985
87.514985
87.514985
87.514985
87.514985
87.514985
87.514985
87.514985
87.514985
87.514985
87.514985
87.514985
87.514985
87.514985
87.514985
87.514985
87.514985
87.514985
87.514985
87.514985
87.514985
87.514985
87.514985
87.514985
87.514985
87.514985
87.514985
87.514985
87.514985
87.514985
87.514985
87.514985
87.514985
87.514985

87.514985
87.514985
87.514985
87.514985
87.514985
87.514985
87.514985
87.514985
87.514985
87.514985
87.514985
87.514985
87.514985
87.514985
87.514985
87.514985
87.514985
87.514985
87.514985
87.514985
87.514985
87.514985
87.514985
87.514985
87.514985
87.514985
87.514985
87.514985
87.514985
87.514985
87.514985
87.514985
87.514985
87.514985
87.514985
87.514985
87.514985
87.514985
87.514985
87.514985
87.514985
87.514985
87.514985
87.514985
87.514985
87.514985
87.514985
87.514985
87.514985
87.514985

87.514985
87.514985
87.514985
87.489016
87.514985
87.514985
87.514985
87.514985
87.514985
87.514985
87.514985
87.514985
87.514985
87.514985
87.514985
87.514985
87.514985
87.514985
87.514985
87.514985
87.514985
87.489016
87.514985
87.514985
87.514985
87.514985
87.514985
87.514985
87.514985
87.514985
87.514985
87.514985
87.514985
87.514985
87.514985
87.514985
87.514985
87.514985
87.514985
87.514985
87.514985
87.489016
87.514985
87.514985
87.514985
87.514985
87.514985
87.514985
87.489016
87.514985

87.514985
87.514985
87.514985
87.483052
87.514985
87.514985
87.514985
87.514985
87.514985
87.514985
87.514985
87.514985
87.514985
87.514985
87.514985
87.489016
87.514985
87.514985
87.514985
87.481229
87.514985
87.514985
87.514985
87.503961
87.514985
87.514985
87.514985
87.514985
87.514985
87.514985
87.514985
87.514985
87.514985
87.514985
87.514985
87.514985
87.514985
87.514985
87.514985
87.489016
87.514985
87.514985
87.514985
87.514985
87.514985
87.514985
87.514985
87.514985
87.514985
87.514985

87.514985
87.514985
87.514985
87.514985
87.514985
87.514985
87.514985
87.514985
87.514985
87.514985
87.514985
87.514985
87.514985
87.514985
87.514985
87.514985
87.514985
87.514985
87.514985
87.514985
87.514985
87.514985
87.514985
87.514985
87.514985
87.514985
87.514985
87.514985
87.514985
87.514985
87.514985
87.514985
87.514985
87.514985
87.514985
87.514985
87.514985
87.514985
87.514985
87.514985
87.514985
87.514985
87.514985
87.514985
87.514985
87.514985
87.514985
87.514985
87.514985
87.514985

87.514985
87.514985
87.514985
87.514985
87.514985
87.514985
87.514985
87.514985
87.514985
87.514985
87.514985
87.514985
87.514985
87.514985
87.514985
87.514985
87.514985
87.514985
87.514985
87.514985
87.514985
87.514985
87.514985
87.514985
87.514985
87.514985
87.514985
87.514985
87.514985
87.514985
87.514985
87.514985
87.514985
87.514985
87.514985
87.514985
87.514985
87.514985
87.514985
87.514985
87.514985
87.514985
87.514985
87.514985
87.514985
87.514985
87.514985
87.514985
87.514985
87.514985

87.514985
87.514985
87.514985
87.514985
87.514985
87.514985
87.514985
87.514985
87.514985
87.514985
87.514985
87.514985
87.514985
87.514985
87.514985
87.514985
87.514985
87.514985
87.514985
87.514985
87.514985
87.514985
87.514985
87.514985
87.514985
87.514985
87.514985
87.514985
87.514985
87.514985
87.514985
87.514985
87.514985
87.514985
87.514985
87.514985
87.514985
87.514985
87.514985
87.514985
87.514985
87.514985
87.514985
87.514985
87.514985
87.514985
87.514985
87.514985
87.514985
87.514985

87.514985
87.514985
87.514985
87.514985
87.514985
87.514985
87.514985
87.514985
87.514985
87.514985
87.514985
87.514985
87.514985
87.514985
87.514985
87.514985
87.514985
87.514985
87.514985
87.514985
87.514985
87.514985
87.514985
87.514985
87.514985
87.514985
87.514985
87.514985
87.514985
87.514985
87.514985
87.514985
87.514985
87.514985
87.514985
87.514985
87.514985
87.514985
87.514985
87.514985
87.514985
87.514985
87.514985
87.514985
87.514985
87.514985
87.514985
87.514985
87.514985
87.514985

87.514985
87.514985
87.514985
87.514985
87.514985
87.514985
87.514985
87.514985
87.514985
87.514985
87.514985
87.514985
87.514985
87.514985
87.514985
87.514985
87.514985
87.514985
87.514985
87.514985
87.514985
87.514985
87.514985
87.514985
87.514985
87.514985
87.514985
87.514985
87.514985
87.514985
87.514985
87.514985
87.514985
87.514985
87.514985
87.514985
87.514985
87.514985
87.514985
87.514985
87.514985
87.514985
87.514985
87.514985
87.514985
87.514985
87.514985
87.514985
87.514985
87.514985

87.514985
87.514985
87.514985
87.514985
87.514985
87.514985
87.514985
87.514985
87.514985
87.514985
87.514985
87.514985
87.514985
87.514985
87.514985
87.514985
87.514985
87.514985
87.514985
87.514985
87.514985
87.514985
87.514985
87.514985
87.514985
87.514985
87.514985
87.514985
87.514985
87.514985
87.514985
87.514985
87.514985
87.514985
87.514985
87.514985
87.514985
87.514985
87.514985
87.514985
87.514985
87.514985
87.514985
87.514985
87.514985
87.514985
87.514985
87.514985
87.514985
87.514985

87.514985
87.514985
87.514985
87.514985
87.514985
87.514985
87.514985
87.514985
87.514985
87.514985
87.514985
87.514985
87.514985
87.514985
87.514985
87.514985
87.514985
87.514985
87.514985
87.514985
87.514985
87.514985
87.514985
87.514985
87.514985
87.514985
87.514985
87.514985
87.514985
87.514985
87.514985
87.514985
87.514985
87.514985
87.514985
87.514985
87.514985
87.514985
87.514985
87.514985
87.514985
87.514985
87.514985
87.514985
87.514985
87.514985
87.514985
87.514985
87.514985
87.514985

87.514985
87.514985
87.514985
87.514985
87.514985
87.514985
87.514985
87.514985
87.514985
87.514985
87.514985
87.514985
87.514985
87.514985
87.514985
87.514985
87.514985
87.514985
87.514985
87.514985
87.514985
87.514985
87.514985
87.514985
87.514985
87.514985
87.514985
87.514985
87.514985
87.514985
87.514985
87.514985
87.514985
87.514985
87.514985
87.514985
87.514985
87.514985
87.514985
87.514985
87.514985
87.514985
87.514985
87.514985
87.514985
87.514985
87.514985
87.514985
87.514985
87.514985

87.514985
87.514985
87.514985
87.514985
87.514985
87.514985
87.514985
87.514985
87.514985
87.514985
87.514985
87.514985
87.514985
87.514985
87.514985
87.514985
87.514985
87.514985
87.514985
87.514985
87.514985
87.514985
87.514985
87.514985
87.514985
87.514985
87.514985
87.514985
87.514985
87.514985
87.514985
87.514985
87.514985
87.514985
87.514985
87.514985
87.514985
87.514985
87.514985
87.514985
87.514985
87.514985
87.514985
87.514985
87.514985
87.514985
87.514985
87.514985
87.514985
87.514985

87.514985
87.514985
87.514985
87.514985
87.514985
87.482029
87.514985
87.514985
87.514985
87.514985
87.514985
87.514985
87.514985
87.514985
87.514985
87.514985
87.514985
87.514985
87.514985
87.514985
87.514985
87.514985
87.514985
87.468885
87.461547
87.514985
87.514985
87.514985
87.514985
87.514985
87.514985
87.514985
87.357183
87.514985
87.514985
87.514985
87.514985
87.514985
87.514985
87.514985
87.514985
87.514985
87.514985
87.514985
87.514985
87.514985
87.514985
87.514985
87.514985
87.514985

87.514985
87.514985
87.514985
87.514985
87.514985
87.514985
87.514985
87.514985
87.514985
87.514985
87.514985
87.514985
87.514985
87.514985
87.514985
87.514985
87.468885
87.514985
87.514985
87.514985
87.514985
87.468885
87.514985
87.514985
87.514985
87.514985
87.514985
87.514985
87.514985
87.514985
87.514985
87.514985
87.514985
87.514985
87.514985
87.514985
87.514985
87.514985
87.514985
87.514985
87.514985
87.514985
87.514985
87.514985
87.514985
87.514985
87.514985
87.514985
87.514985
87.514985

87.514985
87.514985
87.514985
87.514985
87.514985
87.514985
87.514985
87.514985
87.514985
87.514985
87.514985
87.514985
87.514985
87.514985
87.514985
87.514985
87.514985
87.514985
87.514985
87.514985
87.514985
87.514985
87.514985
87.514985
87.514985
87.514985
87.514985
87.514985
87.514985
87.514985
87.514985
87.514985
87.514985
87.514985
87.514985
87.514985
87.514985
87.514985
87.514985
87.514985
87.514985
87.514985
87.514985
87.514985
87.514985
87.514985
87.514985
87.514985
87.514985
87.514985

87.514985
87.514985
87.514985
87.514985
87.514985
87.514985
87.514985
87.514985
87.514985
87.514985
87.514985
87.514985
87.514985
87.514985
87.514985
87.514985
87.514985
87.514985
87.514985
87.514985
87.514985
87.514985
87.514985
87.514985
87.514985
87.514985
87.514985
87.514985
87.514985
87.514985
87.514985
87.514985
87.514985
87.514985
87.514985
87.514985
87.514985
87.514985
87.514985
87.514985
87.514985
87.514985
87.514985
87.514985
87.514985
87.514985
87.514985
87.514985
87.514985
87.514985

87.514985
87.514985
87.514985
87.514985
87.514985
87.514985
87.514985
87.514985
87.514985
87.514985
87.514985
87.514985
87.514985
87.514985
87.514985
87.514985
87.514985
87.514985
87.514985
87.514985
87.514985
87.514985
87.514985
87.514985
87.514985
87.514985
87.514985
87.514985
87.514985
87.514985
87.514985
87.514985
87.514985
87.514985
87.514985
87.514985
87.514985
87.514985
87.514985
87.514985
87.514985
87.514985
87.514985
87.514985
87.514985
87.514985
87.514985
87.514985
87.514985
87.514985

87.514985
87.514985
87.514985
87.514985
87.514985
87.514985
87.514985
87.514985
87.514985
87.514985
87.514985
87.514985
87.514985
87.514985
87.514985
87.514985
87.514985
87.514985
87.514985
87.514985
87.514985
87.514985
87.514985
87.514985
87.514985
87.514985
87.514985
87.514985
87.514985
87.514985
87.514985
87.514985
87.514985
87.514985
87.514985
87.514985
87.514985
87.514985
87.514985
87.514985
87.514985
87.514985
87.514985
87.514985
87.514985
87.514985
87.514985
87.514985
87.514985
87.514985

87.514985
87.514985
87.514985
87.514985
87.514985
87.514985
87.514985
87.514985
87.514985
87.514985
87.514985
87.514985
87.514985
87.514985
87.514985
87.514985
87.514985
87.514985
87.514985
87.514985
87.514985
87.514985
87.514985
87.514985
87.514985
87.514985
87.514985
87.514985
87.514985
87.514985
87.514985
87.514985
87.514985
87.514985
87.514985
87.514985
87.514985
87.514985
87.514985
87.514985
87.514985
87.514985
87.514985
87.514985
87.514985
87.514985
87.514985
87.514985
87.514985
87.514985

87.514985
87.514985
87.514985
87.514985
87.514985
87.514985
87.514985
87.514985
87.514985
87.514985
87.514985
87.514985
87.514985
87.514985
87.514985
87.514985
87.514985
87.514985
87.514985
87.514985
87.514985
87.514985
87.514985
87.514985
87.514985
87.514985
87.514985
87.514985
87.514985
87.514985
87.514985
87.514985
87.514985
87.514985
87.514985
87.514985
87.514985
87.514985
87.514985
87.514985
87.514985
87.514985
87.514985
87.514985
87.514985
87.514985
87.514985
87.514985
87.514985
87.514985

87.514985
87.514985
87.514985
87.514985
87.514985
87.514985
87.514985
87.514985
87.514985
87.514985
87.514985
87.514985
87.514985
87.514985
87.514985
87.514985
87.514985
87.514985
87.514985
87.514985
87.514985
87.514985
87.514985
87.514985
87.514985
87.514985
87.514985
87.514985
87.514985
87.514985
87.514985
87.514985
87.514985
87.514985
87.514985
87.514985
87.514985
87.514985
87.514985
87.514985
87.514985
87.514985
87.514985
87.514985
87.514985
87.514985
87.514985
87.514985
87.514985
87.514985

87.514985
87.514985
87.514985
87.514985
87.514985
87.514985
87.514985
87.514985
87.514985
87.514985
87.514985
87.514985
87.514985
87.514985
87.514985
87.514985
87.514985
87.514985
87.514985
87.514985
87.514985
87.514985
87.514985
87.514985
87.514985
87.514985
87.514985
87.514985
87.514985
87.514985
87.514985
87.514985
87.514985
87.514985
87.514985
87.514985
87.514985
87.514985
87.514985
87.514985
87.514985
87.514985
87.514985
87.514985
87.514985
87.514985
87.514985
87.514985
87.514985
87.514985

87.514985
87.514985
87.514985
87.514985
87.514985
87.514985
87.514985
87.514985
87.514985
87.514985
87.514985
87.514985
87.514985
87.514985
87.514985
87.514985
87.514985
87.514985
87.514985
87.514985
87.514985
87.514985
87.514985
87.514985
87.514985
87.514985
87.514985
87.514985
87.514985
87.514985
87.514985
87.514985
87.514985
87.514985
87.514985
87.514985
87.514985
87.514985
87.514985
87.514985
87.514985
87.514985
87.514985
87.514985
87.514985
87.514985
87.514985
87.514985
87.514985
87.514985

87.514985
87.514985
87.514985
87.514985
87.514985
87.514985
87.514985
87.514985
87.514985
87.514985
87.514985
87.514985
87.514985
87.514985
87.514985
87.514985
87.514985
87.514985
87.514985
87.514985
87.514985
87.514985
87.514985
87.514985
87.514985
87.514985
87.514985
87.514985
87.514985
87.514985
87.514985
87.514985
87.514985
87.514985
87.514985
87.514985
87.514985
87.514985
87.514985
87.514985
87.514985
87.514985
87.514985
87.514985
87.514985
87.514985
87.514985
87.514985
87.514985
87.514985

87.514985
87.514985
87.514985
87.514985
87.514985
87.514985
87.514985
87.514985
87.514985
87.514985
87.514985
87.514985
87.514985
87.514985
87.514985
87.514985
87.514985
87.514985
87.514985
87.514985
87.514985
87.514985
87.514985
87.514985
87.514985
87.514985
87.514985
87.514985
87.514985
87.514985
87.514985
87.514985
87.514985
87.514985
87.514985
87.514985
87.514985
87.514985
87.514985
87.514985
87.514985
87.514985
87.514985
87.514985
87.514985
87.514985
87.514985
87.514985
87.514985
87.514985

87.514985
87.514985
87.514985
87.514985
87.514985
87.514985
87.514985
87.514985
87.514985
87.514985
87.514985
87.514985
87.514985
87.514985
87.514985
87.514985
87.514985
87.514985
87.514985
87.514985
87.514985
87.514985
87.514985
87.514985
87.514985
87.514985
87.514985
87.514985
87.514985
87.514985
87.514985
87.514985
87.514985
87.514985
87.514985
87.514985
87.514985
87.514985
87.514985
87.514985
87.514985
87.514985
87.514985
87.514985
87.514985
87.514985
87.514985
87.514985
87.514985
87.514985

87.514985
87.514985
87.514985
87.514985
87.514985
87.514985
87.514985
87.514985
87.514985
87.514985
87.514985
87.514985
87.514985
87.514985
87.514985
87.514985
87.514985
87.514985
87.514985
87.514985
87.514985
87.514985
87.514985
87.514985
87.514985
87.514985
87.514985
87.514985
87.514985
87.514985
87.514985
87.514985
87.514985
87.514985
87.514985
87.514985
87.514985
87.514985
87.514985
87.514985
87.514985
87.514985
87.514985
87.514985
87.514985
87.514985
87.514985
87.514985
87.514985
87.514985

87.514985
87.514985
87.514985
87.514985
87.514985
87.514985
87.514985
87.514985
87.514985
87.514985
87.514985
87.514985
87.514985
87.514985
87.514985
87.514985
87.514985
87.514985
87.514985
87.514985
87.514985
87.514985
87.514985
87.514985
87.514985
87.514985
87.514985
87.514985
87.514985
87.514985
87.514985
87.514985
87.514985
87.514985
87.514985
87.514985
87.514985
87.514985
87.514985
87.514985
87.514985
87.514985
87.514985
87.514985
87.514985
87.514985
87.514985
87.514985
87.514985
87.514985

87.514985
87.514985
87.514985
87.514985
87.459277
87.514985
87.514985
87.514985
87.514985
87.514985
87.514985
87.514985
87.514985
87.514985
87.514985
87.514985
87.514985
87.514985
87.514985
87.514985
87.514985
87.514985
87.514985
87.514985
87.514985
87.514985
87.514985
87.469016
87.514985
87.514985
87.514985
87.514985
87.514985
87.514985
87.449191
87.514985
87.514985
87.514985
87.514985
87.514985
87.514985
87.514985
87.514985
87.514985
87.514985
87.514985
87.514985
87.514985
87.514985
87.514985

87.514985
87.514985
87.514985
87.514985
87.514985
87.514985
87.514985
87.514985
87.514985
87.514985
87.514985
87.514985
87.514985
87.514985
87.514985
87.514985
87.514985
87.514985
87.514985
87.514985
87.514985
87.514985
87.514985
87.514985
87.514985
87.514985
87.514985
87.514985
87.514985
87.514985
87.514985
87.514985
87.514985
87.514985
87.514985
87.514985
87.514985
87.514985
87.514985
87.514985
87.514985
87.514985
87.514985
87.514985
87.514985
87.514985
87.514985
87.514985
87.514985
87.514985

87.514985
87.514985
87.514985
87.514985
87.514985
87.514985
87.514985
87.514985
87.514985
87.514985
87.514985
87.514985
87.514985
87.514985
87.514985
87.514985
87.514985
87.514985
87.514985
87.514985
87.514985
87.514985
87.514985
87.514985
87.514985
87.514985
87.514985
87.514985
87.514985
87.514985
87.514985
87.514985
87.514985
87.514985
87.514985
87.514985
87.514985
87.514985
87.514985
87.514985
87.514985
87.514985
87.514985
87.514985
87.514985
87.514985
87.514985
87.514985
87.514985
87.514985

87.514985
87.514985
87.514985
87.514985
87.514985
87.514985
87.514985
87.514985
87.514985
87.514985
87.514985
87.514985
87.514985
87.514985
87.514985
87.514985
87.514985
87.514985
87.514985
87.514985
87.514985
87.514985
87.514985
87.514985
87.514985
87.514985
87.514985
87.514985
87.514985
87.514985
87.514985
87.514985
87.514985
87.514985
87.514985
87.514985
87.514985
87.514985
87.514985
87.514985
87.514985
87.514985
87.514985
87.514985
87.514985
87.514985
87.514985
87.514985
87.514985
87.514985

87.514985
87.514985
87.514985
87.514985
87.514985
87.514985
87.514985
87.514985
87.514985
87.514985
87.514985
87.514985
87.514985
87.514985
87.514985
87.514985
87.514985
87.514985
87.514985
87.514985
87.514985
87.514985
87.514985
87.514985
87.514985
87.514985
87.514985
87.514985
87.514985
87.514985
87.514985
87.514985
87.514985
87.514985
87.514985
87.514985
87.514985
87.514985
87.514985
87.514985
87.514985
87.514985
87.514985
87.514985
87.514985
87.514985
87.514985
87.514985
87.514985
87.514985

87.514985
87.514985
87.514985
87.514985
87.514985
87.514985
87.514985
87.514985
87.514985
87.514985
87.514985
87.514985
87.514985
87.514985
87.514985
87.514985
87.514985
87.514985
87.514985
87.514985
87.514985
87.514985
87.514985
87.514985
87.514985
87.514985
87.514985
87.514985
87.514985
87.514985
87.514985
87.514985
87.514985
87.514985
87.514985
87.514985
87.514985
87.514985
87.514985
87.514985
87.514985
87.514985
87.514985
87.514985
87.514985
87.514985
87.514985
87.514985
87.514985
87.514985

87.514985
87.514985
87.514985
87.514985
87.514985
87.514985
87.514985
87.514985
87.514985
87.514985
87.514985
87.514985
87.514985
87.514985
87.514985
87.514985
87.514985
87.514985
87.514985
87.514985
87.514985
87.514985
87.514985
87.514985
87.514985
87.514985
87.514985
87.514985
87.514985
87.514985
87.514985
87.514985
87.514985
87.514985
87.514985
87.514985
87.514985
87.514985
87.514985
87.514985
87.514985
87.514985
87.514985
87.514985
87.514985
87.514985
87.514985
87.514985
87.514985
87.514985

87.514985
87.514985
87.514985
87.514985
87.514985
87.514985
87.514985
87.514985
87.514985
87.514985
87.514985
87.514985
87.514985
87.514985
87.514985
87.514985
87.514985
87.514985
87.514985
87.514985
87.514985
87.514985
87.514985
87.514985
87.514985
87.514985
87.514985
87.514985
87.514985
87.514985
87.514985
87.514985
87.514985
87.514985
87.514985
87.514985
87.514985
87.514985
87.514985
87.514985
87.514985
87.514985
87.514985
87.514985
87.514985
87.514985
87.514985
87.514985
87.514985
87.514985

87.514985
87.514985
87.514985
87.514985
87.514985
87.514985
87.514985
87.514985
87.514985
87.514985
87.514985
87.514985
87.514985
87.514985
87.514985
87.514985
87.514985
87.514985
87.514985
87.514985
87.514985
87.514985
87.514985
87.514985
87.514985
87.514985
87.514985
87.514985
87.514985
87.514985
87.514985
87.514985
87.514985
87.514985
87.514985
87.514985
87.514985
87.514985
87.514985
87.514985
87.514985
87.514985
87.514985
87.514985
87.514985
87.514985
87.514985
87.514985
87.514985
87.514985

87.514985
87.514985
87.514985
87.514985
87.514985
87.514985
87.514985
87.514985
87.514985
87.514985
87.514985
87.514985
87.514985
87.514985
87.514985
87.514985
87.514985
87.514985
87.514985
87.514985
87.514985
87.514985
87.514985
87.514985
87.514985
87.514985
87.514985
87.514985
87.514985
87.514985
87.514985
87.514985
87.514985
87.514985
87.514985
87.514985
87.514985
87.514985
87.514985
87.514985
87.514985
87.514985
87.514985
87.514985
87.514985
87.514985
87.514985
87.514985
87.514985
87.514985

87.514985
87.514985
87.514985
87.514985
87.514985
87.514985
87.514985
87.514985
87.484174
87.514985
87.514985
87.514985
87.514985
87.514985
87.514985
87.514985
87.514985
87.514985
87.514985
87.514985
87.514985
87.514985
87.514985
87.514985
87.514985
87.514985
87.514985
87.514985
87.514985
87.514985
87.514985
87.514985
87.514985
87.514985
87.484174
87.514985
87.514985
87.514985
87.514985
87.514985
87.514985
87.514985
87.514985
87.514985
87.514985
87.514985
87.514985
87.514985
87.514985
87.514985

87.514985
87.514985
87.489165
87.514985
87.514985
87.514985
87.514985
87.514985
87.514985
87.514985
87.514985
87.514985
87.514985
87.514985
87.514985
87.514985
87.511066
87.484174
87.514985
87.514985
87.511066
87.514985
87.514985
87.514985
87.514985
87.514985
87.514985
87.514985
87.514985
87.514985
87.514985
87.514985
87.514985
87.514985
87.514985
87.489165
87.514985
87.511066
87.514985
87.514985
87.514985
87.514985
87.514985
87.514985
87.514985
87.514985
87.489165
87.511066
87.514985
87.514985

87.514985
87.531203
87.514985
87.514985
87.514985
87.514985
87.514985
87.514985
87.514985
87.514985
87.514985
87.514985
87.514985
87.514985
87.514985
87.514985
87.511066
87.514985
87.514985
87.514985
87.511066
87.514985
87.514985
87.514985
87.514985
87.511066
87.514985
87.514985
87.514985
87.514985
87.511066
87.514985
87.514985
87.514985
87.514985
87.514985
87.531203
87.514985
87.514985
87.514985
87.531203
87.514985
87.514985
87.514985
87.514985
87.514985
87.514985
87.514985
87.514985
87.514985

87.531203
87.531203
87.531203
87.514985
87.514985
87.514985
87.514985
87.514985
87.514985
87.514985
87.514985
87.514985
87.514985
87.514985
87.514985
87.514985
87.531203
87.514985
87.514985
87.514985
87.531203
87.514985
87.514985
87.514985
87.514985
87.514985
87.514985
87.514985
87.514985
87.514985
87.514985
87.514985
87.514985
87.531203
87.514985
87.514985
87.531203
87.514985
87.514985
87.531203
87.514985
87.514985
87.514985
87.514985
87.531203
87.514985
87.531203
87.514985
87.531203
87.514985

87.531203
87.531203
87.531203
87.531203
87.531203
87.531203
87.531203
87.531203
87.531203
87.531203
87.531203
87.514985
87.514985
87.514985
87.514985
87.514985
87.531203
87.514985
87.531203
87.531203
87.531203
87.531203
87.514985
87.531203
87.531203
87.531203
87.531203
87.531203
87.531203
87.514985
87.514985
87.514985
87.531203
87.514985
87.514985
87.531203
87.531203
87.514985
87.514985
87.514985
87.514985
87.514985
87.531203
87.531203
87.514985
87.531203
87.514985
87.531203
87.531203
87.531203

87.531203
87.531203
87.531203
87.531203
87.531203
87.531203
87.531203
87.531203
87.531203
87.531203
87.531203
87.531203
87.531203
87.531203
87.531203
87.531203
87.531203
87.514985
87.514985
87.531203
87.531203
87.531203
87.531203
87.514985
87.531203
87.531203
87.531203
87.514985
87.514985
87.514985
87.531203
87.531203
87.531203
87.531203
87.531203
87.531203
87.531203
87.531203
87.531203
87.531203
87.531203
87.531203
87.531203
87.531203
87.531203
87.531203
87.531203
87.531203
87.531203
87.531203

87.531203
87.531203
87.531203
87.531203
87.531203
87.531203
87.531203
87.531203
87.531203
87.531203
87.531203
87.531203
87.531203
87.531203
87.531203
87.531203
87.531203
87.531203
87.531203
87.531203
87.531203
87.531203
87.531203
87.531203
87.531203
87.531203
87.531203
87.531203
87.531203
87.531203
87.531203
87.531203
87.531203
87.531203
87.531203
87.531203
87.531203
87.531203
87.531203
87.531203
87.531203
87.531203
87.531203
87.531203
87.531203
87.531203
87.531203
87.531203
87.531203
87.531203

87.531203
87.531203
87.531203
87.531203
87.531203
87.531203
87.531203
87.531203
87.531203
87.531203
87.531203
87.531203
87.531203
87.531203
87.531203
87.531203
87.531203
87.531203
87.531203
87.531203
87.531203
87.531203
87.531203
87.531203
87.531203
87.531203
87.531203
87.531203
87.531203
87.531203
87.531203
87.531203
87.531203
87.531203
87.531203
87.531203
87.531203
87.531203
87.531203
87.531203
87.531203
87.531203
87.531203
87.531203
87.531203
87.531203
87.531203
87.531203
87.531203
87.531203

87.531203
87.531203
87.531203
87.531203
87.531203
87.531203
87.531203
87.531203
87.531203
87.531203
87.531203
87.531203
87.531203
87.531203
87.531203
87.531203
87.531203
87.531203
87.531203
87.531203
87.531203
87.531203
87.531203
87.531203
87.531203
87.531203
87.531203
87.531203
87.531203
87.531203
87.531203
87.531203
87.531203
87.531203
87.531203
87.531203
87.531203
87.531203
87.531203
87.531203
87.531203
87.531203
87.531203
87.531203
87.531203
87.531203
87.531203
87.531203
87.531203
87.531203

87.531203
87.531203
87.531203
87.531203
87.531203
87.531203
87.531203
87.531203
87.531203
87.531203
87.531203
87.531203
87.531203
87.531203
87.531203
87.531203
87.531203
87.531203
87.531203
87.531203
87.531203
87.531203
87.531203
87.531203
87.531203
87.531203
87.531203
87.531203
87.531203
87.531203
87.531203
87.531203
87.531203
87.531203
87.531203
87.531203
87.531203
87.531203
87.531203
87.531203
87.531203
87.531203
87.531203
87.531203
87.531203
87.531203
87.531203
87.531203
87.531203
87.531203

87.531203
87.531203
87.531203
87.531203
87.531203
87.531203
87.531203
87.531203
87.531203
87.531203
87.531203
87.531203
87.531203
87.531203
87.531203
87.531203
87.531203
87.531203
87.531203
87.531203
87.531203
87.531203
87.531203
87.531203
87.531203
87.531203
87.531203
87.531203
87.531203
87.531203
87.531203
87.531203
87.531203
87.531203
87.531203
87.531203
87.531203
87.531203
87.531203
87.531203
87.531203
87.531203
87.531203
87.531203
87.531203
87.531203
87.531203
87.531203
87.531203
87.531203

87.531203
87.531203
87.531203
87.531203
87.531203
87.531203
87.531203
87.531203
87.531203
87.531203
87.531203
87.531203
87.531203
87.531203
87.531203
87.531203
87.531203
87.531203
87.531203
87.531203
87.531203
87.531203
87.531203
87.531203
87.531203
87.531203
87.531203
87.531203
87.531203
87.531203
87.531203
87.531203
87.531203
87.531203
87.531203
87.531203
87.531203
87.531203
87.531203
87.531203
87.531203
87.531203
87.531203
87.531203
87.531203
87.531203
87.531203
87.531203
87.531203
87.531203

87.531203
87.531203
87.531203
87.531203
87.531203
87.531203
87.531203
87.531203
87.531203
87.531203
87.531203
87.531203
87.531203
87.531203
87.531203
87.531203
87.531203
87.531203
87.531203
87.531203
87.531203
87.531203
87.531203
87.531203
87.531203
87.531203
87.531203
87.531203
87.531203
87.531203
87.531203
87.531203
87.531203
87.531203
87.531203
87.531203
87.531203
87.531203
87.531203
87.531203
87.531203
87.531203
87.531203
87.531203
87.531203
87.531203
87.531203
87.531203
87.531203
87.531203

87.531203
87.531203
87.531203
87.531203
87.531203
87.531203
87.531203
87.531203
87.531203
87.531203
87.531203
87.531203
87.531203
87.531203
87.531203
87.531203
87.531203
87.531203
87.531203
87.531203
87.531203
87.531203
87.531203
87.531203
87.531203
87.531203
87.531203
87.531203
87.531203
87.531203
87.531203
87.531203
87.531203
87.531203
87.531203
87.531203
87.531203
87.531203
87.531203
87.531203
87.531203
87.531203
87.531203
87.531203
87.531203
87.531203
87.531203
87.531203
87.531203
87.531203

87.531203
87.531203
87.531203
87.531203
87.531203
87.531203
87.531203
87.531203
87.531203
87.531203
87.531203
87.531203
87.531203
87.531203
87.531203
87.531203
87.531203
87.531203
87.531203
87.531203
87.531203
87.531203
87.531203
87.531203
87.531203
87.531203
87.531203
87.531203
87.531203
87.531203
87.531203
87.531203
87.531203
87.531203
87.531203
87.531203
87.531203
87.531203
87.531203
87.531203
87.531203
87.531203
87.531203
87.531203
87.531203
87.531203
87.531203
87.531203
87.531203
87.531203

87.531203
87.531203
87.531203
87.531203
87.531203
87.531203
87.531203
87.531203
87.531203
87.531203
87.531203
87.531203
87.440471
87.531203
87.531203
87.531203
87.531203
87.531203
87.531203
87.531203
87.531203
87.531203
87.531203
87.531203
87.531203
87.531203
87.531203
87.531203
87.531203
87.531203
87.531203
87.531203
87.531203
87.531203
87.531203
87.531203
87.531203
87.531203
87.531203
87.531203
87.531203
87.531203
87.531203
87.531203
87.531203
87.440471
87.531203
87.440471
87.531203
87.531203

87.531203
87.531203
87.531203
87.531203
87.531203
87.531203
87.531203
87.531203
87.531203
87.531203
87.531203
87.531203
87.531203
87.531203
87.531203
87.531203
87.531203
87.531203
87.531203
87.531203
87.531203
87.531203
87.531203
87.531203
87.531203
87.531203
87.531203
87.531203
87.531203
87.531203
87.531203
87.531203
87.531203
87.531203
87.531203
87.531203
87.531203
87.531203
87.531203
87.531203
87.531203
87.531203
87.531203
87.531203
87.531203
87.531203
87.531203
87.531203
87.531203
87.531203

87.531203
87.531203
87.531203
87.531203
87.531203
87.531203
87.531203
87.531203
87.531203
87.531203
87.531203
87.531203
87.531203
87.531203
87.531203
87.531203
87.531203
87.531203
87.531203
87.531203
87.531203
87.531203
87.531203
87.531203
87.531203
87.531203
87.531203
87.531203
87.531203
87.531203
87.531203
87.531203
87.531203
87.531203
87.531203
87.531203
87.531203
87.531203
87.531203
87.531203
87.531203
87.531203
87.531203
87.531203
87.531203
87.531203
87.531203
87.531203
87.531203
87.531203

87.531203
87.531203
87.531203
87.531203
87.531203
87.531203
87.531203
87.531203
87.531203
87.531203
87.531203
87.531203
87.531203
87.531203
87.531203
87.531203
87.531203
87.531203
87.531203
87.531203
87.531203
87.531203
87.531203
87.531203
87.531203
87.531203
87.531203
87.531203
87.531203
87.531203
87.531203
87.531203
87.531203
87.531203
87.531203
87.531203
87.531203
87.531203
87.531203
87.531203
87.531203
87.531203
87.531203
87.531203
87.531203
87.531203
87.531203
87.531203
87.531203
87.531203

87.531203
87.531203
87.531203
87.531203
87.531203
87.531203
87.531203
87.531203
87.531203
87.531203
87.531203
87.531203
87.531203
87.531203
87.531203
87.531203
87.531203
87.531203
87.531203
87.531203
87.531203
87.531203
87.531203
87.531203
87.531203
87.531203
87.531203
87.531203
87.531203
87.531203
87.531203
87.531203
87.531203
87.531203
87.531203
87.531203
87.531203
87.531203
87.531203
87.531203
87.531203
87.531203
87.531203
87.531203
87.531203
87.531203
87.531203
87.531203
87.531203
87.531203

87.531203
87.531203
87.531203
87.531203
87.531203
87.531203
87.531203
87.531203
87.531203
87.531203
87.531203
87.531203
87.531203
87.531203
87.531203
87.505794
87.531203
87.531203
87.531203
87.531203
87.531203
87.531203
87.531203
87.531203
87.531203
87.531203
87.531203
87.531203
87.531203
87.531203
87.531203
87.531203
87.531203
87.531203
87.531203
87.531203
87.531203
87.531203
87.531203
87.531203
87.505794
87.531203
87.531203
87.531203
87.531203
87.531203
87.531203
87.531203
87.531203
87.531203

87.531203
87.476030
87.531203
87.531203
87.531203
87.531203
87.531203
87.531203
87.531203
87.531203
87.531203
87.531203
87.531203
87.531203
87.531203
87.531203
87.531203
87.531203
87.531203
87.531203
87.531203
87.531203
87.531203
87.531203
87.531203
87.531203
87.531203
87.531203
87.531203
87.476030
87.531203
87.531203
87.531203
87.531203
87.531203
87.531203
87.531203
87.531203
87.531203
87.531203
87.531203
87.531203
87.476030
87.476030
87.531203
87.531203
87.531203
87.531203
87.531203
87.531203

87.531203
87.531203
87.531203
87.531203
87.531203
87.531203
87.531203
87.531203
87.531203
87.531203
87.531203
87.531203
87.531203
87.531203
87.531203
87.531203
87.531203
87.531203
87.531203
87.531203
87.531203
87.531203
87.531203
87.531203
87.531203
87.531203
87.531203
87.531203
87.531203
87.531203
87.531203
87.531203
87.531203
87.531203
87.531203
87.531203
87.531203
87.531203
87.531203
87.531203
87.531203
87.531203
87.531203
87.531203
87.531203
87.531203
87.531203
87.531203
87.531203
87.531203

87.531203
87.531203
87.531203
87.531203
87.531203
87.531203
87.531203
87.531203
87.531203
87.531203
87.531203
87.531203
87.531203
87.531203
87.531203
87.531203
87.531203
87.531203
87.531203
87.531203
87.531203
87.531203
87.531203
87.531203
87.531203
87.531203
87.531203
87.531203
87.531203
87.531203
87.531203
87.531203
87.531203
87.531203
87.531203
87.531203
87.531203
87.531203
87.531203
87.531203
87.531203
87.531203
87.531203
87.531203
87.531203
87.531203
87.531203
87.531203
87.531203
87.531203

87.531203
87.531203
87.531203
87.531203
87.531203
87.531203
87.531203
87.531203
87.531203
87.531203
87.531203
87.531203
87.531203
87.531203
87.531203
87.531203
87.531203
87.531203
87.531203
87.531203
87.531203
87.531203
87.531203
87.531203
87.531203
87.531203
87.531203
87.531203
87.531203
87.531203
87.531203
87.531203
87.531203
87.531203
87.531203
87.531203
87.531203
87.531203
87.531203
87.531203
87.531203
87.531203
87.531203
87.531203
87.531203
87.531203
87.531203
87.531203
87.531203
87.531203

87.531203
87.531203
87.531203
87.531203
87.531203
87.531203
87.531203
87.531203
87.531203
87.531203
87.531203
87.531203
87.531203
87.531203
87.531203
87.531203
87.531203
87.531203
87.531203
87.531203
87.531203
87.531203
87.531203
87.531203
87.531203
87.531203
87.531203
87.531203
87.531203
87.531203
87.531203
87.531203
87.531203
87.531203
87.531203
87.531203
87.531203
87.531203
87.531203
87.531203
87.531203
87.531203
87.531203
87.531203
87.531203
87.531203
87.531203
87.531203
87.531203
87.531203

87.531203
87.531203
87.531203
87.531203
87.531203
87.531203
87.531203
87.531203
87.531203
87.531203
87.531203
87.531203
87.531203
87.531203
87.531203
87.531203
87.531203
87.531203
87.531203
87.531203
87.531203
87.531203
87.531203
87.531203
87.531203
87.531203
87.531203
87.531203
87.531203
87.531203
87.531203
87.531203
87.531203
87.531203
87.531203
87.531203
87.531203
87.531203
87.531203
87.531203
87.531203
87.531203
87.531203
87.531203
87.531203
87.531203
87.531203
87.531203
87.531203
87.531203

87.531203
87.531203
87.531203
87.531203
87.531203
87.531203
87.531203
87.531203
87.531203
87.531203
87.531203
87.531203
87.531203
87.531203
87.531203
87.531203
87.531203
87.531203
87.531203
87.531203
87.531203
87.531203
87.531203
87.531203
87.531203
87.531203
87.531203
87.531203
87.531203
87.531203
87.531203
87.531203
87.531203
87.531203
87.531203
87.531203
87.531203
87.531203
87.531203
87.531203
87.531203
87.531203
87.531203
87.531203
87.531203
87.531203
87.531203
87.531203
87.531203
87.531203

87.531203
87.531203
87.531203
87.531203
87.531203
87.531203
87.531203
87.531203
87.531203
87.531203
87.531203
87.531203
87.531203
87.531203
87.531203
87.531203
87.531203
87.531203
87.531203
87.531203
87.531203
87.531203
87.531203
87.531203
87.531203
87.531203
87.531203
87.531203
87.531203
87.531203
87.531203
87.531203
87.531203
87.531203
87.531203
87.531203
87.531203
87.531203
87.531203
87.531203
87.531203
87.531203
87.531203
87.531203
87.531203
87.531203
87.531203
87.531203
87.531203
87.531203

87.531203
87.531203
87.531203
87.531203
87.531203
87.531203
87.531203
87.531203
87.531203
87.531203
87.531203
87.531203
87.531203
87.531203
87.531203
87.531203
87.531203
87.531203
87.531203
87.531203
87.531203
87.531203
87.531203
87.531203
87.531203
87.531203
87.531203
87.531203
87.531203
87.531203
87.531203
87.531203
87.531203
87.531203
87.531203
87.531203
87.531203
87.531203
87.531203
87.531203
87.531203
87.531203
87.531203
87.531203
87.531203
87.531203
87.531203
87.531203
87.531203
87.531203

87.531203
87.531203
87.531203
87.531203
87.531203
87.531203
87.531203
87.531203
87.531203
87.531203
87.531203
87.531203
87.531203
87.531203
87.531203
87.531203
87.531203
87.531203
87.531203
87.531203
87.531203
87.531203
87.531203
87.531203
87.531203
87.531203
87.531203
87.531203
87.531203
87.531203
87.531203
87.531203
87.531203
87.531203
87.531203
87.531203
87.531203
87.531203
87.531203
87.531203
87.531203
87.531203
87.531203
87.531203
87.531203
87.531203
87.531203
87.531203
87.531203
87.531203

87.531203
87.531203
87.531203
87.531203
87.531203
87.531203
87.531203
87.531203
87.531203
87.531203
87.531203
87.531203
87.531203
87.531203
87.531203
87.531203
87.531203
87.531203
87.531203
87.531203
87.531203
87.531203
87.531203
87.531203
87.531203
87.531203
87.531203
87.531203
87.531203
87.531203
87.531203
87.531203
87.531203
87.531203
87.531203
87.531203
87.531203
87.531203
87.531203
87.531203
87.531203
87.531203
87.531203
87.531203
87.531203
87.531203
87.531203
87.531203
87.531203
87.531203

87.531203
87.531203
87.531203
87.531203
87.531203
87.531203
87.531203
87.531203
87.531203
87.531203
87.531203
87.531203
87.531203
87.531203
87.531203
87.531203
87.531203
87.531203
87.531203
87.531203
87.531203
87.531203
87.531203
87.531203
87.531203
87.531203
87.531203
87.531203
87.531203
87.531203
87.531203
87.531203
87.531203
87.531203
87.531203
87.531203
87.531203
87.531203
87.531203
87.531203
87.531203
87.531203
87.531203
87.531203
87.531203
87.531203
87.531203
87.531203
87.531203
87.531203

87.531203
87.531203
87.531203
87.531203
87.531203
87.531203
87.531203
87.531203
87.531203
87.531203
87.531203
87.531203
87.531203
87.531203
87.531203
87.531203
87.531203
87.531203
87.531203
87.531203
87.531203
87.531203
87.531203
87.531203
87.531203
87.531203
87.531203
87.531203
87.531203
87.531203
87.531203
87.531203
87.531203
87.531203
87.531203
87.531203
87.531203
87.531203
87.531203
87.531203
87.531203
87.531203
87.531203
87.531203
87.531203
87.531203
87.531203
87.531203
87.531203
87.531203

87.531203
87.531203
87.531203
87.531203
87.531203
87.531203
87.531203
87.531203
87.531203
87.531203
87.531203
87.531203
87.531203
87.531203
87.531203
87.531203
87.531203
87.531203
87.531203
87.531203
87.531203
87.531203
87.531203
87.531203
87.531203
87.531203
87.531203
87.531203
87.531203
87.531203
87.531203
87.531203
87.531203
87.531203
87.531203
87.531203
87.531203
87.531203
87.531203
87.531203
87.531203
87.531203
87.531203
87.531203
87.531203
87.531203
87.531203
87.531203
87.531203
87.531203

87.531203
87.531203
87.531203
87.531203
87.531203
87.531203
87.531203
87.531203
87.531203
87.531203
87.531203
87.531203
87.531203
87.531203
87.531203
87.531203
87.531203
87.531203
87.531203
87.531203
87.531203
87.531203
87.531203
87.531203
87.531203
87.531203
87.531203
87.531203
87.531203
87.531203
87.531203
87.531203
87.531203
87.531203
87.531203
87.531203
87.531203
87.531203
87.531203
87.531203
87.531203
87.531203
87.531203
87.531203
87.531203
87.531203
87.531203
87.531203
87.531203
87.531203

87.531203
87.531203
87.531203
87.531203
87.531203
87.531203
87.531203
87.531203
87.531203
87.531203
87.531203
87.531203
87.531203
87.531203
87.531203
87.531203
87.531203
87.531203
87.531203
87.531203
87.531203
87.531203
87.531203
87.531203
87.531203
87.531203
87.531203
87.531203
87.531203
87.531203
87.531203
87.531203
87.531203
87.531203
87.531203
87.531203
87.531203
87.531203
87.531203
87.531203
87.531203
87.531203
87.531203
87.531203
87.531203
87.531203
87.531203
87.531203
87.531203
87.531203

87.531203
87.531203
87.531203
87.531203
87.531203
87.531203
87.531203
87.531203
87.531203
87.550575
87.531203
87.531203
87.531203
87.531203
87.531203
87.531203
87.531203
87.531203
87.531203
87.531203
87.531203
87.550575
87.531203
87.531203
87.531203
87.531203
87.531203
87.531203
87.531203
87.531203
87.531203
87.531203
87.531203
87.531203
87.531203
87.531203
87.550575
87.531203
87.531203
87.531203
87.531203
87.531203
87.531203
87.531203
87.531203
87.531203
87.531203
87.531203
87.531203
87.531203

87.550575
87.550575
87.550575
87.531203
87.531203
87.531203
87.531203
87.531203
87.531203
87.531203
87.531203
87.531203
87.531203
87.531203
87.531203
87.531203
87.531203
87.531203
87.531203
87.531203
87.550575
87.531203
87.531203
87.531203
87.531203
87.531203
87.531203
87.531203
87.531203
87.531203
87.531203
87.531203
87.531203
87.531203
87.550575
87.550575
87.531203
87.550575
87.531203
87.531203
87.531203
87.531203
87.531203
87.531203
87.550575
87.531203
87.531203
87.531203
87.550575
87.531203

87.550575
87.550575
87.550575
87.550575
87.550575
87.550575
87.550575
87.550575
87.550575
87.531203
87.531203
87.531203
87.531203
87.531203
87.531203
87.531203
87.531203
87.531203
87.550575
87.531203
87.531203
87.531203
87.531203
87.531203
87.550575
87.550575
87.531203
87.550575
87.531203
87.531203
87.531203
87.550575
87.531203
87.550575
87.531203
87.550575
87.531203
87.531203
87.550575
87.531203
87.550575
87.550575
87.550575
87.531203
87.531203
87.531203
87.531203
87.550575
87.531203
87.531203

87.550575
87.550575
87.550575
87.550575
87.550575
87.550575
87.550575
87.550575
87.550575
87.550575
87.550575
87.550575
87.550575
87.550575
87.421947
87.531203
87.421947
87.550575
87.550575
87.550575
87.550575
87.421947
87.550575
87.550575
87.550575
87.550575
87.531203
87.550575
87.550575
87.550575
87.550575
87.550575
87.550575
87.550575
87.550575
87.550575
87.550575
87.550575
87.550575
87.550575
87.550575
87.550575
87.550575
87.550575
87.550575
87.550575
87.550575
87.550575
87.550575
87.550575

