85.462775
85.822374
86.144658
86.218687
86.482291
86.594043
86.704941
86.833437
86.910371
87.051928
87.066402
87.160024
87.249867
87.376229
87.410783
87.434439
87.435496
87.435496
87.435496
87.435496
87.435496
87.435496
87.435496
87.435496
87.435496
87.435496
87.435874
87.447882
87.473843
87.503549
87.514985
87.514985
87.514985
87.514985
87.514985
87.514985
87.514985
87.514985
87.514985
87.514985
87.514985
87.514985
87.514985
87.510209
87.511403
87.514985
87.514985
87.514985
87.514985
87.514985
87.514985
87.511089
87.513304
87.512825
87.514985
87.514985
87.514985
87.514985
87.514985
87.512908
87.512412
87.514985
87.514985
87.514985
87.514985
87.514985
87.514985
87.514985
87.514985
87.514985
87.509179
87.513141
87.514985
87.514985
87.514985
87.514985
87.514985
87.514985
87.514985
87.514985
87.514985
87.514985
87.514985
87.514985
87.514985
87.514985
87.511636
87.514985
87.514985
87.514985
87.514985
87.514985
87.514985
87.514985
87.514985
87.514985
87.513753
87.512506
87.515645
87.518553
87.525041
87.529257
87.531203
87.531203
87.531203
87.531203
87.531203
87.531203
87.531203
87.531203
87.531203
87.525759
87.531203
87.531203
87.531203
87.531203
87.530187
87.526790
87.531203
87.531203
87.531203
87.531203
87.531203
87.531203
87.531203
87.531203
87.531203
87.531203
87.531203
87.531203
87.531203
87.531203
87.531203
87.532366
87.534690
87.539339
87.542082
