85.191621
85.470840
85.488571
85.963389
85.323183
85.803591
85.159543
84.815971
84.222403
85.638332
85.979959
85.584458
85.668234
85.333509
86.078021
85.982181
85.120034
85.181722
85.638765
85.890134
85.186823
86.237263
85.440479
85.822948
85.892202
84.758046
85.172625
85.423954
85.749352
86.049839
84.995346
85.709074
85.345955
85.250263
86.378126
85.319468
85.610387
86.018678
85.739760
85.715381
85.376874
85.077215
86.185914
85.408493
85.468016
85.843492
85.268733
86.184248
85.730069
86.229745
85.226766
85.232785
86.089260
85.757789
85.629851
84.561616
85.337276
84.875615
85.628248
84.766431
86.273809
85.861504
85.505326
86.164196
85.625921
86.048516
85.009482
86.195416
85.247618
85.329464
85.192250
85.965105
84.340144
85.063650
85.836941
84.988647
85.729399
85.418194
85.575496
85.574256
85.335421
84.919879
85.875977
85.541923
85.735045
85.686736
85.586536
85.150679
85.283973
85.056149
85.955069
85.109740
84.407598
85.216396
85.766681
85.462263
85.720415
85.099794
85.507556
85.330506

86.378126
86.273809
86.237263
86.229745
86.195416
86.185914
86.184248
86.164196
86.089260
86.078021
86.049839
86.048516
86.018678
85.982181
85.979959
85.965105
85.963389
85.955069
85.892202
85.890134
85.875977
85.861504
85.843492
85.836941
85.822948
85.803591
85.766681
85.757789
85.749352
85.739760
85.668234
85.625921
85.586536
85.337276
84.919879
84.561616
85.801823
86.219311
85.931922
85.831970
86.228845
86.163500
85.930080
86.280106
85.895584
85.289197
85.850099
86.083127
86.009567
84.977904
86.120940
86.151627
85.696985
85.952879
86.037803
86.184646
86.062653
85.652216
85.539342
85.780070
85.258980
86.226152
85.627350
85.270916
85.384970
85.825992
86.468889
86.133473
86.184248
85.705712
85.487293
85.852294
85.568631
85.377975
85.536341
85.627321
85.157388
85.034880
85.286820
86.281998
85.589129
85.832344
85.269843
86.188561
85.914919
85.947424
85.500390
86.187849
85.864504
85.599097
85.768528
85.416666
86.064179
85.828019
85.770400
85.927966
85.198078
86.234922
86.022564
85.899189

86.468889
86.378126
86.281998
86.280106
86.273809
86.237263
86.234922
86.229745
86.228845
86.226152
86.219311
86.195416
86.188561
86.187849
86.185914
86.184646
86.184248
86.184248
86.164196
86.163500
86.151627
86.133473
86.120940
86.089260
86.083127
86.078021
86.064179
86.062653
86.049839
86.048516
85.828019
85.416666
85.286820
85.258980
86.290667
84.971773
86.404290
86.425269
86.234922
86.191423
86.282462
85.762580
85.630146
85.989344
85.751641
86.063064
86.218460
85.952830
86.082308
85.430366
86.039765
85.403881
85.942894
86.262959
85.456071
85.569619
86.119894
86.048516
85.788745
85.481930
86.614611
85.715804
84.745101
86.063552
85.790346
85.912406
85.410661
85.895741
85.687358
85.926875
85.657800
86.163826
86.448707
86.101939
85.844076
85.967819
85.821565
85.866273
85.919202
85.980959
86.061886
86.249321
85.989071
86.295046
86.135299
86.267300
86.169704
86.087908
85.684530
86.339378
86.122148
86.023265
86.163306
85.619706
85.891365
85.666917
86.248988
86.095419
85.975314
86.225037

86.614611
86.468889
86.448707
86.425269
86.404290
86.378126
86.339378
86.295046
86.290667
86.282462
86.281998
86.280106
86.273809
86.267300
86.262959
86.249321
86.248988
86.237263
86.234922
86.234922
86.229745
86.228845
86.226152
86.225037
86.219311
86.218460
86.195416
86.191423
86.188561
86.187849
85.989071
85.919202
85.569619
85.682158
86.447088
86.074563
86.593680
85.591355
86.340660
86.318849
85.950657
85.617618
86.009204
85.884349
86.149875
85.846535
86.195917
86.115345
85.979150
86.092706
86.345209
86.359201
86.357681
85.788459
86.383803
85.558154
86.249937
86.464762
86.265822
85.763659
85.901100
86.264110
85.753310
86.338431
86.228988
86.117945
86.512634
86.015276
85.873888
86.252800
85.737452
86.047325
86.532001
86.036371
85.889983
86.613918
86.234922
86.188989
86.359245
86.412874
86.170414
85.565907
85.580655
85.901491
86.143807
86.230378
86.205423
85.689969
86.216471
85.949895
86.160462
86.144141
86.416509
86.591305
85.451770
85.563067
86.210947
86.255685
86.363040
85.843441

86.614611
86.613918
86.593680
86.591305
86.532001
86.512634
86.468889
86.464762
86.448707
86.447088
86.425269
86.416509
86.412874
86.404290
86.383803
86.378126
86.363040
86.359245
86.359201
86.206405
86.345209
86.340660
86.339378
86.338431
86.318849
86.295046
86.290667
86.282462
86.281998
86.280106
86.267300
86.229745
86.009204
86.252016
86.039265
86.426832
86.303262
86.258338
85.839813
85.763873
86.454826
85.565082
86.008279
86.743994
86.383575
86.084183
86.431210
86.284078
86.174583
85.677918
85.616155
85.922598
86.328651
86.530686
86.258780
86.247456
86.397023
86.532001
86.529697
85.796095
86.070473
86.455545
85.880505
85.897855
85.966919
86.157837
86.202650
86.235163
86.360460
86.134763
85.770761
86.235876
85.924360
86.273784
86.664075
86.492067
86.021040
86.177049
86.605401
85.588252
86.330280
86.296772
86.584865
86.163269
86.228116
86.220078
85.814485
86.091685
86.444109
86.414674
85.947390
85.184846
86.532001
85.970029
86.141574
85.283253
85.808480
86.283442
86.252284
85.832017

86.743994
86.664075
86.614611
86.613918
86.605401
86.593680
86.591305
86.584865
86.532001
86.532001
86.532001
86.530686
86.529697
86.512634
86.492067
86.468889
86.464762
86.455545
86.454826
86.448707
86.447088
86.444109
86.431210
86.426832
86.425269
86.416509
86.414674
86.412874
86.404290
86.397023
86.258338
86.252284
85.947390
85.588252
85.987369
86.664075
86.595970
86.005475
86.266376
86.596371
86.392247
86.163804
86.737879
86.351874
86.108085
86.113757
85.977330
86.614388
86.533323
86.055955
86.290358
86.436034
86.444971
86.029303
85.913592
86.080816
85.874803
86.548643
86.084247
85.847493
86.245854
86.500907
86.591305
86.664075
86.489148
86.256073
86.075516
86.272340
86.310498
86.505552
85.866941
86.161354
86.322193
86.090968
86.392406
86.315768
86.307772
86.480338
85.989611
86.123695
86.466964
86.233563
86.075041
86.783502
86.167852
86.374967
86.255964
86.491458
86.532001
86.679297
86.288230
85.904166
86.269751
86.578659
85.941822
85.744120
86.095232
86.365902
86.849576
86.519243

86.849576
86.783502
86.743994
86.737879
86.679297
86.664075
86.664075
86.664075
86.614611
86.614388
86.613918
86.605401
86.596371
86.595970
86.593680
86.591305
86.591305
86.584865
86.578659
86.548643
86.533323
86.532001
86.532001
86.532001
86.532001
86.530686
86.529697
86.519243
86.439096
86.505552
86.426832
86.425269
86.161354
86.075041
85.947390
86.591705
86.664075
86.749099
86.496755
86.605807
86.271957
86.647331
86.676930
86.507650
86.296479
86.516197
86.582830
86.820821
86.650396
86.357453
86.275241
86.265969
86.611643
86.356811
86.298922
86.792728
86.449468
86.448891
86.253513
86.501940
86.075041
86.532001
86.485818
86.446858
86.560529
86.636750
86.886005
86.214459
86.542976
86.313990
86.535895
86.408001
85.814913
86.316881
86.050584
86.314892
86.822693
86.368146
86.470749
86.094633
86.331513
86.137175
86.322602
86.594101
86.246683
86.689949
86.335519
86.203027
86.433030
86.402159
86.434745
86.593680
86.128493
86.557634
85.815900
86.586232
86.671740
86.532001
86.669189
86.513424

86.886005
86.849576
86.822693
86.820821
86.792728
86.783502
86.749099
86.743994
86.737879
86.689949
86.679297
86.676930
86.671740
86.669189
86.664075
86.664075
86.664075
86.664075
86.650396
86.647331
86.636750
86.614611
86.614388
86.613918
86.611643
86.605807
86.605401
86.596371
86.595970
86.594101
86.505552
86.782568
86.731831
86.101929
86.624343
86.230580
86.526465
86.240126
86.475875
86.151070
86.275841
86.336787
86.480526
86.913573
86.400320
86.124411
86.453190
86.763050
86.844678
86.734113
86.683117
86.884956
86.727640
86.582169
86.372451
86.579674
86.430451
86.490961
86.619164
86.436339
86.413650
86.743448
86.504983
86.375283
86.605751
86.607884
85.892077
86.878378
86.565383
85.455039
86.568429
86.664075
86.652678
86.577305
86.674310
86.435948
86.692109
86.888525
86.748746
86.618621
86.095054
86.677155
86.054830
86.091273
86.571747
86.468633
86.676295
86.659146
86.164522
86.781482
86.707947
86.882444
86.545823
86.749099
86.773735
86.114865
86.811491
86.496727
86.636649
86.737879

86.913573
86.888525
86.886005
86.884956
86.882444
86.878378
86.849576
86.844678
86.822693
86.820821
86.811491
86.792728
86.783502
86.782568
86.781482
86.773735
86.763050
86.749099
86.749099
86.748746
86.743994
86.743448
86.737879
86.737879
86.734113
86.731831
86.727640
86.707947
86.692109
86.689949
86.676295
86.659146
86.375283
85.892077
86.824279
86.875963
86.373543
86.662984
86.457726
86.708819
86.229737
86.346012
85.922626
86.783502
86.550283
86.625130
86.444798
86.224071
86.616096
86.548322
86.756433
86.782568
87.027456
86.468255
86.888525
86.749099
86.203596
86.798438
86.772549
86.729677
86.577534
86.749099
86.654552
86.763050
86.737879
86.783502
86.536264
86.822693
86.679584
86.726981
86.294553
86.820821
86.423474
87.020179
86.651028
86.596361
86.446945
86.390186
86.743448
85.915929
86.782568
86.348476
86.738089
86.850256
86.488091
86.375283
86.406308
87.110718
86.706499
86.176144
86.614765
86.401497
86.746916
86.743994
86.513604
86.662181
86.709310
86.707542
86.455996
86.919193

87.110718
87.027456
87.020179
86.971314
86.913573
86.888525
86.888525
86.886005
86.884956
86.882444
86.878378
86.875963
86.850256
86.849576
86.844678
86.824279
86.822693
86.822693
86.820821
86.820821
86.811491
86.798438
86.792728
86.783502
86.783502
86.783502
86.782568
86.782568
86.782568
86.781482
86.692109
86.689949
86.401497
86.631585
86.586056
86.657224
86.518863
86.512410
86.738089
86.884956
86.739861
86.884956
86.732090
86.397212
86.749695
86.602582
86.703373
86.504703
85.999490
86.339000
86.692304
86.820821
86.533816
86.728628
86.659265
86.407956
86.843994
86.791063
86.766535
86.785634
86.678135
86.769799
86.493778
87.041707
86.840254
86.862309
86.710354
85.833733
87.072952
86.074740
86.272220
86.510531
86.692109
86.888525
86.662954
86.337965
86.340615
86.821221
86.216663
86.705190
86.521635
86.618264
86.509876
86.152546
86.452364
86.579666
86.587106
86.379666
86.420720
86.831269
86.380481
86.957881
86.820170
86.484238
86.903620
86.604916
86.440890
86.298859
86.808010
86.866118

87.110718
87.072952
87.041707
87.027456
87.020179
86.971314
86.957881
86.913573
86.903620
86.888525
86.888525
86.888525
86.886005
86.884956
86.884956
86.884956
86.882444
86.878378
86.875963
86.866118
86.862309
86.850256
86.849576
86.844678
86.843994
86.840254
86.831269
86.824279
86.822693
86.822693
86.397212
86.337965
86.298859
86.210937
86.886617
86.142293
86.374319
86.733332
86.930870
86.752040
86.982880
86.867654
86.788305
86.945149
85.933100
86.822693
86.866118
86.895325
86.608656
86.555657
86.914434
86.635080
86.640469
86.679645
86.893585
86.392624
86.707282
87.013982
86.989280
86.759908
86.432368
86.741450
87.005411
86.940342
86.426450
86.794041
86.776957
86.375391
86.485276
87.114017
86.846374
86.773742
86.484081
86.347047
86.833395
86.398941
86.854910
86.884956
86.863717
86.520534
86.831595
86.805119
86.865674
86.251256
86.916070
86.822693
86.068362
86.654883
86.399677
86.915164
86.878381
86.708375
86.903620
86.660079
86.531919
86.631681
86.643816
86.722625
86.509108
86.849450

87.114017
87.110718
87.072952
87.041707
87.027456
87.020179
87.013982
87.005411
86.989280
86.982880
86.971314
86.957881
86.945149
86.940342
86.930870
86.916070
86.915164
86.914434
86.913573
86.903620
86.903620
86.895325
86.893585
86.888525
86.888525
86.888525
86.886617
86.886005
86.884956
86.884956
86.822693
86.654883
86.298859
86.210937
86.358177
86.725478
86.908641
86.392638
86.988070
86.931599
86.819759
86.959039
86.846856
86.724764
86.381214
87.042786
86.880138
86.654883
86.924331
86.742598
86.816971
86.962348
86.865691
87.052596
86.688873
86.514606
86.734684
86.342460
86.623088
86.795572
86.884956
86.565807
86.903620
86.856647
86.799276
86.887193
86.520663
86.735452
86.990388
86.373183
86.632539
86.793525
86.790236
86.773722
86.822693
85.975206
86.546495
86.839089
86.834800
86.065754
86.877249
86.886617
87.059028
86.917182
86.913341
86.751632
86.903620
86.371785
87.003716
86.390749
86.902469
86.884956
86.706647
86.663105
86.460581
86.937995
87.023792
87.065077
86.856950
87.045671

87.114017
87.110718
87.072952
87.065077
87.059028
87.052596
87.045671
87.042786
87.041707
87.027456
87.023792
87.020179
87.013982
87.005411
87.003716
86.990388
86.989280
86.988070
86.982880
86.971314
86.962348
86.959039
86.957881
86.945149
86.940342
86.937995
86.931599
86.930870
86.924331
86.917182
86.688873
86.654883
86.390749
86.342460
86.065754
86.805566
87.015067
86.906113
87.015875
86.545035
86.313847
86.764818
86.481035
86.521032
87.020801
87.067918
86.985653
87.043791
86.987547
87.108175
87.071538
86.899774
86.820864
86.852826
86.369402
87.262602
86.924331
87.160743
86.362430
86.658356
86.818420
86.356452
86.631632
86.906369
86.915738
86.869034
86.889741
86.979205
86.924331
87.153472
87.002279
86.879642
87.103253
86.324982
86.929519
87.080517
86.756627
87.185802
87.050162
86.888932
86.979010
86.645221
87.089734
87.013982
87.090638
86.698296
86.901423
86.934806
86.704947
86.957881
86.962348
86.677501
86.807494
86.747036
86.341153
87.127981
86.770889
86.698940
86.505460
86.574024

87.262602
87.185802
87.160743
87.153472
87.127981
87.114017
87.110718
87.108175
87.103253
87.090638
87.089734
87.080517
87.072952
87.071538
87.067918
87.065077
87.059028
87.052596
87.050162
87.045671
87.043791
87.042786
87.041707
87.027456
87.023792
87.020801
87.020179
87.015875
87.015067
87.013982
87.005411
86.879642
86.698940
86.677501
86.645221
87.043791
87.114017
86.987334
86.649280
86.464827
87.015875
86.735115
87.040059
86.548183
86.860771
87.062939
86.734022
87.081925
87.068307
87.015545
87.123036
86.994257
87.009497
87.131302
86.928869
86.698940
87.045671
87.004722
87.156450
87.109916
86.984642
87.082192
87.173181
87.066960
87.120055
87.141255
87.052596
86.963165
87.159470
86.783958
86.668806
86.971562
86.967093
86.809532
87.229306
87.072902
87.073298
86.945824
87.057038
87.061155
87.080149
86.840264
86.893484
87.114017
87.028391
86.533697
86.970715
86.942424
87.015545
86.963863
87.095353
87.032013
87.073073
86.891874
86.332652
87.182666
87.067918
87.156213
87.194342
86.990917

87.262602
87.229306
87.194342
87.185802
87.182666
87.173181
87.160743
87.159470
87.156450
87.156213
87.153472
87.141255
87.131302
87.127981
87.061629
87.120055
87.114017
87.114017
87.114017
87.110718
87.109916
87.108175
87.103253
87.095353
87.090638
87.089734
87.082192
87.081925
87.080517
87.080149
87.061155
87.052596
87.042786
86.968836
87.116512
87.275534
86.962550
87.120216
87.157248
87.022384
87.208911
87.048714
87.064057
87.207029
86.958247
87.041606
86.780417
87.046941
87.121877
87.069536
87.026111
87.074036
86.948851
87.127981
87.095353
87.180112
87.064876
86.962733
86.953541
86.991764
87.188325
87.154292
86.934604
86.830818
87.168585
87.109916
87.279150
86.925586
86.890881
87.173181
86.969643
86.904217
87.057201
87.092910
87.035536
86.747479
86.895447
87.186222
87.173181
87.219571
86.919460
87.017313
87.130307
87.098983
87.166965
87.089288
86.881662
86.889314
87.052140
87.208907
87.040964
87.159470
87.091547
87.119925
87.015345
87.007513
87.042881
86.870897
86.882322
87.114017

87.279150
87.275534
87.262602
87.229306
87.219571
87.208911
87.208907
87.207029
87.194342
87.188325
87.186222
87.185802
87.182666
87.180112
87.173181
87.173181
87.173181
87.168585
87.166965
87.160743
87.159470
87.159470
87.157248
87.156450
87.156213
87.154292
87.153472
87.141255
87.131302
87.130307
87.114017
87.080517
87.026111
87.207029
87.084326
87.217480
87.064101
87.084326
87.098504
87.173181
87.138175
86.961230
87.169483
87.233363
87.229306
87.168585
87.020651
87.017606
87.073079
87.129233
86.938376
87.168330
87.175328
87.058541
87.081499
86.958900
87.185330
87.276054
86.923369
87.068654
87.066914
87.172364
87.072402
87.241076
87.111072
87.168585
87.156213
87.159268
86.916772
87.026883
87.116512
87.137182
87.189329
87.096194
87.218090
87.175588
87.226856
87.221227
87.153472
87.264939
87.118829
87.224861
87.182666
87.070384
87.246706
87.194858
86.892707
87.069205
87.266116
86.922269
87.156213
87.109027
87.183365
87.255253
87.146151
87.116512
86.678039
87.114017
87.065612
86.805625

87.279150
87.276054
87.275534
87.266116
87.264939
87.262602
87.255253
87.246706
87.241076
87.233363
87.229306
87.229306
87.226856
87.224861
87.221227
87.219571
87.218090
87.217480
87.208911
87.208907
87.207029
87.207029
87.194858
87.194342
87.189329
87.188325
87.186222
87.185802
87.185330
87.183365
87.173181
87.138175
87.111072
86.961230
87.268854
87.214601
87.418656
87.164151
87.192427
87.219571
86.976910
87.161153
86.722217
87.168646
87.089677
87.110907
87.224861
87.300082
87.040323
87.033302
87.287991
87.338533
87.094510
87.208907
87.196634
87.151096
87.283600
87.258374
87.216828
87.271928
87.199105
87.177790
87.131095
87.149675
86.654104
87.173181
87.366553
87.235674
87.143661
87.224216
87.009584
86.986198
87.064669
87.226856
87.090537
87.183510
87.084326
87.002149
87.116354
87.209475
87.205961
87.128396
87.173181
87.150099
87.160563
87.255253
87.165374
87.191046
87.153008
87.137524
87.250764
87.136177
87.048339
87.244617
87.070741
87.041781
87.195502
87.091548
87.120393
87.150128

87.418656
87.366553
87.338533
87.300082
87.287991
87.283600
87.279150
87.276054
87.275534
87.271928
87.268854
87.266116
87.264939
87.262602
87.258374
87.255253
87.255253
87.250764
87.246706
87.244617
87.241076
87.235674
87.233363
87.229306
87.229306
87.226856
87.226856
87.224861
87.224861
87.224216
87.165374
87.131095
86.976910
87.276054
86.957504
87.198947
87.387727
87.258158
87.282322
87.255253
87.216109
87.224861
87.262451
87.226856
87.290840
87.233363
87.059608
87.085928
87.272366
87.360717
87.243874
87.100496
87.231283
87.224861
87.295475
87.243754
87.203005
87.300818
87.061825
87.229651
87.188421
86.990490
87.176735
87.167320
87.205115
87.412824
87.284772
87.348064
87.206331
87.224216
87.233032
87.177326
87.201301
87.278232
87.197344
87.184580
87.276054
87.284172
87.193290
87.269380
87.277704
87.295475
87.196871
87.332488
87.324391
87.270529
87.090071
87.217480
87.237175
87.139312
87.209625
87.351831
87.107181
87.252949
87.192182
87.164138
87.210199
87.160087
87.372901
87.236619

87.418656
87.412824
87.387727
87.372901
87.366553
87.360717
87.351831
87.348064
87.338533
87.332488
87.324391
87.300818
87.300082
87.295475
87.295475
87.290840
87.287991
87.284772
87.284172
87.283600
87.282322
87.279150
87.278232
87.277704
87.276054
87.276054
87.276054
87.275534
87.272366
87.271928
87.246706
87.235674
87.224861
87.059608
87.235674
87.248443
87.270605
87.221571
87.129679
87.162808
87.203890
87.366553
87.327233
87.343791
87.275021
87.228205
87.204490
87.276054
87.375124
87.224110
87.421444
87.144963
87.217842
87.138285
87.277344
87.276054
87.367744
87.312431
87.293212
87.362226
87.324391
87.217334
87.345596
87.402160
87.232407
87.282322
87.298793
87.284772
87.367761
87.261611
87.252015
87.284668
87.248443
87.283600
87.230816
87.209832
87.284172
87.214958
87.330496
87.194766
87.259140
87.224483
87.299021
87.219036
87.176589
87.204588
87.080256
87.282322
87.138285
87.324391
87.294148
87.332060
87.196778
87.322505
87.387727
87.290538
87.266257
87.287936
87.276054
87.327658

87.421444
87.418656
87.412824
87.402160
87.387727
87.387727
87.375124
87.372901
87.367761
87.367744
87.366553
87.366553
87.362226
87.360717
87.351831
87.348064
87.345596
87.343791
87.338533
87.332488
87.332060
87.330496
87.327658
87.327233
87.324391
87.324391
87.324391
87.322505
87.312431
87.300818
87.282322
87.228205
87.221571
87.204588
87.360717
87.179474
87.259344
87.296179
87.357315
87.115149
87.360717
87.405374
87.366553
87.237662
87.334460
87.358528
87.343551
87.366553
87.289810
87.242503
87.153282
87.338533
87.311562
87.209645
87.351831
87.215248
87.333264
87.127365
87.420048
87.366553
87.291740
87.285967
87.330867
87.409949
87.250530
87.255603
87.348201
87.472960
87.281839
87.262350
87.363621
87.360717
87.135233
87.448364
87.323312
87.318614
87.266143
87.298826
87.481484
87.381390
87.404355
87.293212
87.218891
87.173303
87.332488
87.330496
87.421444
87.375429
87.341136
87.360717
87.325168
87.073502
87.285504
87.246658
87.262451
87.455849
87.235335
87.372901
87.283600
87.363410

