85.541613
86.131914
85.647441
85.522904
84.847636
85.657934
85.621138
85.229357
85.578749
85.784718
84.474774
85.297719
85.629646
85.150294
85.455584
84.871824
85.959083
85.732735
85.144251
84.795252
85.435933
84.604867
85.677183
85.458185
84.615690
85.094659
85.487074
85.716438
85.329786
85.423032
84.949345
84.776526
85.462710
85.652755
85.036407
85.951528
85.666245
85.497535
85.475770
85.445183
85.297984
84.933417
85.370076
84.893431
85.104080
86.108439
85.473302
84.194887
86.170296
85.435550
86.137767
85.278863
84.707627
85.145848
86.431246
85.950306
86.032908
86.104702
85.538082
85.559607
85.462847
85.055939
84.642505
85.292049
85.866356
85.326774
85.538622
85.776807
84.941157
86.126775
85.252513
85.650801
85.016376
85.268493
85.778681
84.585910
86.087851
85.065093
85.678383
86.245916
85.796902
85.751766
85.869471
85.166436
85.423676
84.709820
85.171714
85.490541
85.407055
85.092482
85.294949
85.160546
85.034138
85.329019
86.178006
85.604771
84.840226
85.021171
85.267127
85.911357

86.431246
86.245916
86.178006
86.170296
86.137767
86.131914
86.126775
86.108439
86.104702
86.087851
86.032908
85.959083
85.951528
85.950306
85.911357
85.869471
85.866356
85.796902
85.784718
85.778681
85.268493
85.104080
85.036407
84.893431
85.681795
86.312031
84.671656
85.754992
85.815439
85.827521
85.175034
85.476967
85.800818
86.647595
85.611288
84.738517
86.447204
85.312350
86.406428
85.843437
85.888357
85.756422
85.327842
85.932923
86.120899
85.263567
85.544837
85.936719
85.603355
84.990889
85.664463
85.142147
86.074330
86.408063
86.130782
85.486165
85.224594
85.874579
86.175559
84.883630
85.659959
85.682461
85.959389
86.843298
86.218636
85.617388
86.168274
85.532323
85.777657
85.505043
85.911357
85.848208
86.382247
85.178656
86.183038
84.854803
85.816432
85.690737
84.613777
85.849057
86.434613
85.776265
86.198656
85.850192
86.101793
85.885008
85.003704
85.245985
85.809259
85.288111
86.249902
86.053696
85.394252
86.034394
86.270815
85.186128
86.036549
85.179671
85.833414
86.236029

86.843298
86.647595
86.447204
86.434613
86.431246
86.408063
86.406428
86.382247
86.312031
86.270815
86.249902
86.245916
86.236029
86.218636
86.198656
86.183038
86.178006
86.175559
86.170296
86.168274
86.126775
85.950306
86.453921
86.399364
86.178546
85.768114
86.228374
86.618324
86.536437
85.910754
85.747606
86.377969
86.301872
86.447165
86.399133
86.058334
86.318132
85.890892
85.749056
86.384598
86.145560
86.602669
86.293256
86.304909
85.825582
86.175559
86.069912
86.106554
86.125801
86.202453
86.320148
86.354777
86.124159
86.151862
86.448192
86.211248
86.029265
86.154612
85.161893
86.023176
86.237247
85.336374
86.129071
86.471037
86.026244
86.197881
86.368584
86.470234
86.160045
86.311531
86.106259
86.470899
86.279802
86.348988
86.156248
85.635201
86.132996
86.336307
86.184633
86.145385
86.028096
86.114192
86.543965
86.230302
86.358245
85.472987
85.991218
86.547579
85.656523
86.335221
85.961045
86.555252
86.105272
85.942797
85.967659
86.169995
85.717740
86.239972
86.493549
86.114732

86.843298
86.647595
86.618324
86.602669
86.555252
86.547579
86.543965
86.536437
86.493549
86.471037
86.470899
86.470234
86.453921
86.448192
86.447204
86.447165
86.434613
86.431246
86.408063
86.406428
86.368584
86.320148
86.236029
86.230302
86.183038
86.023176
86.323377
85.999013
86.809198
86.350774
86.412543
86.675034
86.311700
86.247932
85.748999
85.988054
86.265300
86.569245
86.320148
86.427667
86.109847
86.319671
86.612266
86.560375
86.843298
86.401171
86.648003
86.376615
86.510260
86.246432
86.618324
86.595631
86.323008
86.371458
86.032697
86.744979
86.159003
85.474240
86.441796
85.768228
86.671380
86.325158
85.861527
86.210016
86.329993
86.641634
86.238212
86.399519
86.635345
86.254327
86.407276
86.155918
86.483738
86.886174
86.225985
86.484190
86.775186
86.471037
86.258520
87.147782
86.230302
86.504485
86.081905
85.772872
86.542259
86.360993
86.482668
86.557716
86.577628
86.193565
86.380325
86.563934
86.543965
86.439166
86.273751
85.158028
86.040522
86.517490
86.471368
86.116187

87.147782
86.886174
86.843298
86.843298
86.809198
86.775186
86.744979
86.675034
86.671380
86.648003
86.647595
86.641634
86.635345
86.618324
86.618324
86.612266
86.602669
86.595631
86.577628
86.569245
86.547579
86.482668
86.471368
86.371458
86.325158
86.320148
86.246432
86.193565
85.772872
86.348779
86.648003
87.042084
86.743131
86.379160
86.394195
86.265585
86.380014
86.808286
86.144874
86.647595
86.749468
86.547579
85.959678
86.737082
86.461007
86.606187
86.495099
86.577628
86.371953
85.845340
86.310352
86.678870
86.184008
86.564790
86.495442
86.549421
85.904316
86.648003
86.443698
87.023881
86.863252
86.668885
86.374567
86.331246
87.038086
86.402216
86.350371
86.498821
86.581150
86.799521
85.810800
86.687628
86.372346
86.418527
86.389764
86.304265
86.746794
86.157866
86.472971
86.537775
86.108006
87.145613
85.924562
86.528792
86.618324
86.271304
86.138596
85.990545
87.098158
86.262800
86.254370
86.724399
86.692454
86.671380
86.027593
86.618324
85.562397
86.602875
86.321787
86.630256

87.147782
87.145613
87.098158
87.042084
87.038086
87.023881
86.886174
86.863252
86.843298
86.769390
86.809198
86.808286
86.799521
86.775186
86.749468
86.746794
86.744979
86.743131
86.737082
86.724399
86.648003
86.630256
86.471368
86.331246
86.265585
86.824133
86.070792
86.457149
86.742784
86.347638
86.507828
86.811925
86.924222
86.077963
86.617166
86.400923
87.212903
86.678825
87.174984
86.571729
86.656978
86.433804
86.451128
86.920046
86.770957
86.769390
86.472968
86.133136
87.023800
86.708853
86.723407
86.687294
85.992084
86.957668
87.122247
86.573194
86.919105
86.501739
87.092392
86.003692
86.579109
86.420384
86.651809
86.796979
86.380304
86.686334
86.571099
86.629554
86.346321
86.874280
86.556910
86.579890
86.607598
86.396652
86.853474
86.600621
86.413825
87.003663
86.635689
86.738061
86.965913
86.391855
86.215375
87.147782
86.947951
86.838786
86.735918
87.010950
86.660083
86.547171
87.174984
87.143274
86.732295
86.907308
86.811147
85.493091
86.372606
86.411598
86.583068
86.215813

87.212903
87.174984
87.174984
87.147782
87.147782
87.145613
87.143274
87.122247
87.098158
87.092392
87.042084
87.038086
87.023881
87.023800
87.010950
87.003663
86.965913
86.957668
86.947951
86.924222
86.919105
86.735918
86.579890
86.579109
86.457149
86.919105
86.224658
87.015188
87.147782
87.042099
86.381428
86.939298
86.974367
86.377171
86.437781
87.201711
86.482483
86.722473
87.147782
86.525748
87.098158
86.087339
86.859940
86.603129
86.424809
86.446670
86.435430
86.562994
87.098158
87.098158
87.098158
86.027998
85.864844
86.986258
86.592382
86.566191
86.461712
87.198968
87.003663
86.249895
86.827654
86.885745
86.703000
86.786956
85.806516
87.244018
86.229170
86.808138
86.965715
86.913062
86.856487
86.544439
86.841688
87.250326
86.779970
86.528308
87.040552
86.462263
86.704309
86.758108
86.957668
87.044777
86.947951
86.957668
86.462916
87.073618
86.576386
86.802713
86.996706
86.885935
87.163931
87.212480
87.201711
87.122247
86.157586
86.733163
86.569221
86.863908
87.136022
87.174984

87.250326
87.244018
87.212903
87.212480
87.201711
87.201711
87.198968
87.174984
87.174984
87.174984
87.163931
87.147782
87.147782
87.147782
87.147782
87.145613
87.143274
87.136022
87.122247
87.122247
86.936875
86.965913
86.579109
86.528308
86.461712
86.492829
86.666708
87.201711
86.375491
86.904524
87.410559
87.147782
87.147782
86.873843
87.147782
86.813089
86.763961
86.261819
87.173603
87.212903
87.122247
87.235496
86.979844
87.147782
86.885321
87.174984
87.174984
87.146614
86.816799
87.455506
87.122247
86.902320
86.827791
87.191430
87.201711
86.103586
87.094639
87.193397
86.508828
87.122247
87.147782
87.179182
86.796326
86.775396
87.160298
86.616978
87.250326
86.967255
87.147782
86.247187
86.474195
86.834723
86.768877
87.107688
87.430878
87.021308
86.271772
87.174984
86.712606
87.086002
87.153739
87.198132
87.244018
87.143274
87.122247
86.656063
87.147782
86.286394
86.652062
86.541982
86.370282
86.192286
87.271672
86.673432
87.188707
87.279259
86.198091
86.914107
87.198968
86.940120

87.455506
87.430878
87.410559
87.279259
87.271672
87.250326
87.250326
87.244018
87.244018
87.235496
87.212903
87.212903
87.212480
87.201711
87.201711
87.201711
87.201711
87.198968
87.198968
87.198132
87.191430
87.174984
86.936875
87.341811
86.936875
87.090670
87.223822
86.920330
87.181621
87.147782
87.212480
87.170679
87.097725
87.133991
87.201711
87.198968
86.369355
87.222820
87.121356
87.312876
86.533363
87.061401
87.007157
87.401258
86.919380
87.191430
87.279259
87.203528
87.313374
87.324684
86.849322
87.170801
87.356067
86.965319
87.163553
87.257391
87.211440
87.058724
86.848167
87.106559
87.147782
87.205019
86.946201
87.278395
87.368330
86.956174
86.834353
87.303784
86.834688
87.074040
87.212480
87.430878
87.147782
86.565149
86.778483
87.218574
86.642881
87.229025
87.347146
87.111405
87.250326
87.244018
87.271672
86.902885
87.368177
87.244018
87.090670
87.177645
86.980042
87.212480
87.114045
86.914302
86.653839
87.430878
87.340462
87.410559
87.133991
87.090670
87.371384
87.137440

87.455506
87.430878
87.430878
87.430878
87.410559
87.410559
87.401258
87.371384
87.368330
87.368177
87.356067
87.347146
87.341811
87.340462
87.324684
87.313374
87.312876
87.303784
87.279259
87.279259
87.278395
86.956174
86.834688
87.324684
86.679060
87.087959
87.168116
87.347146
87.429296
86.983896
87.320795
87.527135
87.113125
87.246734
87.110145
87.469578
87.151340
87.455506
86.946230
87.259781
87.348385
87.246734
87.259540
87.331572
87.456283
87.105219
87.279259
87.288479
87.322131
87.019845
87.368330
87.368177
87.351305
87.337031
87.551214
87.369127
87.354900
87.410559
87.226664
87.324684
87.072598
86.859610
86.980935
86.886683
86.982635
87.430878
87.174124
87.349367
87.213018
87.401258
87.410559
87.430878
87.069873
86.595711
87.264559
87.194595
87.313374
87.482490
87.279259
87.295231
87.377534
87.444363
87.428296
87.332834
87.050782
87.312876
87.449439
87.228953
86.734067
87.145016
87.229133
86.932074
87.459065
87.244018
87.410559
87.278395
87.410559
87.356269
87.396920
87.378063

87.551214
87.527135
87.482490
87.469578
87.459065
87.456283
87.455506
87.455506
87.449439
87.444363
87.430878
87.430878
87.430878
87.430878
87.430878
87.429296
87.428296
87.410559
87.410559
87.410559
87.378063
87.368177
87.279259
87.246734
87.213018
87.151340
86.983896
87.416277
87.378063
87.428296
87.429296
87.351670
87.455506
87.459065
86.911148
87.449439
87.527135
87.406147
87.428036
87.410559
87.256522
87.537069
87.029850
87.182140
87.378063
87.335608
87.445540
87.455506
87.277456
87.430878
87.335154
87.371934
87.322631
87.482490
87.368177
87.279259
87.337530
87.768216
87.049159
87.274524
87.227997
87.341735
87.337031
87.019318
87.410559
86.983896
87.419416
87.132382
87.246734
87.410559
87.455506
87.482579
86.983896
86.866348
86.983896
86.978164
87.263920
87.483591
87.537069
87.217163
87.321441
87.152452
87.207267
87.411222
87.386405
87.430875
87.495835
87.102917
87.428296
87.441995
87.319097
87.430878
87.160779
87.527135
87.162536
87.363788
87.463984
87.337031
87.151340
87.296671

87.768216
87.551214
87.537069
87.537069
87.527135
87.527135
87.527135
87.495835
87.483591
87.482579
87.482490
87.482490
87.296176
87.463984
87.459065
87.459065
87.456283
87.455506
87.455506
87.455506
87.430878
87.430875
87.411222
87.341735
87.217163
86.983896
86.999996
87.768216
86.999028
87.537069
87.482490
87.495835
87.459065
87.406147
87.537069
87.215697
87.444669
87.527135
87.428487
87.455506
87.341397
87.351226
87.608139
87.153215
87.571165
87.483591
87.482579
87.539421
87.527135
87.426699
87.455506
87.147254
87.768216
87.273935
87.455506
87.398872
87.543512
87.483591
87.519105
87.229667
87.537069
87.341735
87.482490
87.447877
87.415976
87.471893
87.265061
87.463177
87.164432
87.768216
87.450543
87.417298
87.538410
87.298560
87.451534
87.296963
87.499493
87.527135
87.217163
87.537069
87.448034
87.537069
87.482490
87.447210
87.537069
87.472100
87.029459
87.456283
87.428296
87.212990
87.217163
87.455506
87.482490
87.371841
87.371269
87.438007
87.527135
87.375542
87.527135
87.397289

87.768216
87.768216
87.768216
87.768216
87.608139
87.571165
87.551214
87.543512
87.539421
87.538410
87.537069
87.537069
87.537069
87.537069
87.537069
87.537069
87.537069
87.537069
87.527135
87.527135
87.495835
87.459065
87.447877
87.411222
87.657419
87.603129
87.537069
87.537069
87.198697
87.551214
87.538410
87.410690
87.562296
87.455506
87.571165
87.538410
87.293603
87.768216
87.761872
87.432714
87.495835
87.527135
87.662191
87.089844
87.540682
87.477923
87.761872
87.515192
87.193193
87.768216
87.537069
87.294369
87.537069
87.372871
87.407187
87.431783
87.028261
87.768216
87.768216
87.537069
87.510794
87.351394
87.537069
87.489953
87.537069
87.294369
87.655518
87.497819
87.425044
87.759080
87.689256
87.308540
86.944870
87.433398
87.583018
87.460350
87.689256
87.527135
87.537069
87.532512
87.537069
87.537069
87.478381
87.543512
87.360150
87.537069
87.776368
87.452070
87.620079
87.559051
87.537069
87.537069
87.571165
87.332430
87.571165
87.537069
87.537069
87.768216
87.226804
87.588157

87.776368
87.768216
87.768216
87.768216
87.768216
87.768216
87.768216
87.768216
87.684058
87.768216
87.761872
87.761872
87.759080
87.689256
87.689256
87.662191
87.657419
87.655518
87.620079
87.608139
87.571165
87.559051
87.551214
87.431636
87.537069
87.494370
87.768216
87.685073
87.277693
87.631512
87.759080
87.559051
87.488397
87.382498
87.768216
87.768216
87.620079
87.689256
87.620079
87.586903
87.662191
87.571165
87.537069
87.542341
87.735424
87.662191
87.728119
87.700770
87.768216
87.608139
87.507820
87.735424
87.768216
87.809590
87.759031
87.776368
87.444379
87.607317
87.735424
87.768216
87.768216
87.791863
87.768216
87.689256
87.566680
87.529113
87.704941
87.768216
87.512931
87.768216
87.718632
87.783407
87.773954
87.462149
87.768216
87.311383
87.554909
87.498605
87.618498
87.759080
87.768216
87.768216
87.586233
87.693461
87.662191
87.617159
87.768216
87.494370
87.761872
87.546549
87.302314
87.713248
87.761872
87.720526
87.768216
87.743531
87.689256
87.430804
87.445880
87.551214

87.809590
87.791863
87.783407
87.776368
87.776368
87.773954
87.768216
87.768216
87.768216
87.768216
87.768216
87.768216
87.768216
87.768216
87.768216
87.768216
87.768216
87.768216
87.768216
87.768216
87.761872
87.759080
87.735424
87.720526
87.685073
87.662191
87.620079
87.566680
87.512931
87.768216
87.768216
87.768216
87.768216
87.533290
87.768216
87.434983
87.816484
87.768216
87.564304
87.961572
87.794214
87.809590
87.768216
87.759080
87.768216
87.768216
87.791863
87.768216
87.692617
87.783898
87.768216
87.768216
87.776368
87.720526
87.744838
87.768216
87.809590
87.768216
87.768216
87.776368
87.768216
87.768216
87.783407
87.720526
87.595772
87.735424
87.735424
87.768216
87.809590
87.662191
87.768216
87.735424
87.233022
87.776368
87.519551
87.773954
87.768216
87.768216
87.768216
87.768216
87.768216
87.566680
87.768216
87.291999
87.735424
87.761872
87.776498
87.735424
87.768216
87.759080
87.685073
87.657461
87.768216
87.768216
87.768216
87.631788
87.618239
87.759080
87.764490
87.759080

87.961572
87.816484
87.809590
87.809590
87.809590
87.809590
87.794214
87.791863
87.791863
87.783898
87.783407
87.783407
87.776498
87.776368
87.776368
87.776368
87.776368
87.700470
87.773954
87.773954
87.768216
87.768216
87.735424
87.595772
87.768216
87.615685
87.713398
87.513630
87.768216
87.734387
87.783898
87.791863
87.791863
87.791863
87.944384
87.641927
87.776368
87.660467
87.791863
87.794214
87.776368
87.776498
87.582441
87.959448
87.700470
87.486743
87.961572
87.791863
87.777676
87.809590
87.833554
87.783898
87.582089
87.776368
87.769463
87.415920
87.776368
87.783407
87.809714
87.783407
87.809590
87.709440
87.768216
87.666362
87.791863
87.700470
87.768216
87.791863
87.816484
87.678713
87.735424
87.703920
87.700470
87.756962
87.791863
87.809590
87.659731
87.560034
87.686938
87.776498
87.394036
87.832724
87.809590
87.770351
87.776368
87.752926
87.776368
87.791863
87.768216
87.720526
87.791863
87.776368
87.404590
87.783407
87.809590
87.667416
87.735424
87.735424
87.776368
87.700470

87.961572
87.961572
87.959448
87.944384
87.833554
87.832724
87.816484
87.816484
87.809714
87.809590
87.809590
87.809590
87.809590
87.809590
87.809590
87.809590
87.809590
87.722052
87.794214
87.794214
87.791863
87.776368
87.773954
87.667416
87.816484
87.786302
87.801155
87.809590
87.809590
87.869367
87.773954
87.809590
87.794214
87.724096
87.809590
87.791863
87.809590
87.809590
87.961572
87.667302
87.611746
87.881541
87.959448
87.776867
87.809590
87.816484
87.794214
87.669655
87.773954
87.945433
87.751451
87.809590
87.770247
87.809590
87.702494
87.809590
87.776867
87.728419
87.786302
87.776368
87.850815
87.693913
87.667416
87.773954
87.821861
87.462627
87.773954
87.809590
87.774206
87.791863
87.800656
87.791513
87.961572
87.794214
87.777676
87.809590
87.959448
87.809590
87.751870
87.959448
87.809590
87.735424
87.773794
87.764255
87.385622
87.755387
87.809590
87.809590
87.823453
87.809590
87.832219
87.809590
87.794214
87.695258
87.852257
87.959448
87.667416
87.776368
87.809590
87.809590

87.961572
87.961572
87.961572
87.961572
87.959448
87.959448
87.959448
87.959448
87.959448
87.945433
87.944384
87.881541
87.869367
87.852257
87.850815
87.833554
87.832724
87.832219
87.823453
87.821861
87.794214
87.777676
87.776867
87.770247
87.961572
87.764274
87.959448
87.959448
87.959448
87.770247
87.402051
87.770247
87.959448
87.845453
87.823432
87.776867
87.856639
87.683930
87.776867
87.959448
87.930389
87.776867
87.869367
87.776867
87.859355
87.804694
87.792775
87.832724
87.961572
87.761261
87.881541
87.832219
87.959448
87.747829
87.809590
87.699150
87.944384
87.654384
87.959448
87.961572
87.633775
87.881541
87.907799
87.959448
87.961572
87.959448
87.959448
87.961572
87.920703
87.852257
87.832724
87.945433
87.777534
87.959448
87.770247
87.813676
87.806850
87.959448
87.843527
87.881506
87.770247
87.823453
87.869367
87.809590
87.959448
87.985148
87.844436
87.850815
87.945433
87.786302
87.961572
87.994528
87.916333
87.823453
87.542966
87.858441
87.950989
87.961572
87.819345
87.944384

87.994528
87.985148
87.961572
87.961572
87.961572
87.961572
87.961572
87.961572
87.961572
87.961572
87.961572
87.961572
87.961572
87.959448
87.959448
87.959448
87.942174
87.959448
87.959448
87.959448
87.944384
87.859355
87.809590
87.764274
87.961572
87.961572
87.961572
88.013300
87.961572
87.985148
87.961572
87.961572
87.961572
87.859355
87.771537
87.898594
87.961572
87.722192
88.012176
87.936129
87.961572
87.985148
87.944384
87.944384
87.942174
87.979596
87.809590
87.961572
87.638763
87.961572
87.961572
87.764274
87.883250
87.961572
87.821145
87.961572
87.961572
87.985148
87.959448
87.944384
87.961572
87.961572
87.959448
87.959448
87.961572
87.961572
87.906882
87.961572
87.961572
87.961572
87.946444
87.961572
87.944384
87.942174
87.959448
87.859355
87.991551
87.961572
87.809590
87.943651
87.961572
87.961572
87.771537
87.786302
87.942174
87.961572
87.909202
87.944384
87.961572
87.985148
87.961572
87.985148
87.994528
87.843527
87.959448
87.943651
87.961572
87.959448
87.786192
87.959448

88.013300
88.012176
87.994528
87.994528
87.991551
87.985148
87.985148
87.985148
87.985148
87.985148
87.985148
87.892554
87.961572
87.961572
87.961572
87.961572
87.961572
87.961572
87.961572
87.961572
87.880434
87.959448
87.944384
87.843527
87.961572
87.961572
87.961572
87.944384
88.013300
87.985148
87.961572
87.961572
87.985148
87.985148
87.985148
88.013300
87.961572
87.985148
87.961572
87.994528
87.985148
87.984774
87.961572
87.985148
87.994528
87.985148
87.901019
87.961572
87.959448
87.985148
87.961572
87.961572
87.871294
87.985148
87.991551
87.880434
87.961572
87.985148
87.961572
88.012176
87.961572
87.991551
87.985148
87.994887
87.961572
87.985148
87.959448
87.961572
87.843527
87.961572
87.985148
87.937332
87.961572
87.985148
87.985148
87.991551
87.994528
87.961572
87.994528
88.012176
87.994528
87.994528
87.944384
87.985148
87.961572
87.985148
87.969551
87.985148
87.880434
87.961572
87.961572
87.991551
87.961572
87.991551
87.985148
87.985148
87.985148
87.892554
87.871294
87.961572

