85.588473
85.911472
85.574607
85.162162
85.779605
85.521932
85.630150
85.195257
85.761454
85.689411
85.507157
85.020898
85.925751
85.535253
86.215810
85.199035
86.089178
86.331751
86.068811
85.472292
84.699430
85.155580
86.021074
85.187947
86.165243
85.747776
85.459599
85.075220
85.026557
84.947892
85.594119
85.048343
86.093619
85.862440
86.192587
85.604262
84.869081
84.072721
86.253736
85.923271
85.505235
84.592344
86.343344
85.543364
85.742612
84.984605
86.078649
85.464176
85.901637
85.690845
85.663671
85.975156
85.152311
85.640362
85.588672
85.631624
85.976986
84.921875
85.166641
85.788904
85.551523
86.161000
86.054257
85.538083
86.028873
85.905010
84.984684
85.197919
85.376901
85.161143
85.790029
85.726774
86.062377
85.553617
86.706051
85.074179
84.888077
85.123714
85.646385
85.454074
85.655470
85.682060
84.949664
85.499625
85.633692
85.393161
85.184203
85.971251
85.440840
85.985721
86.146194
85.522146
86.235781
85.793756
85.311451
85.039253
84.112899
85.772167
85.381260
86.527160

86.706051
86.527160
86.343344
86.331751
86.253736
86.235781
86.215810
86.192587
86.165243
86.161000
86.146194
86.093619
86.089178
86.078649
86.068811
86.062377
86.054257
86.028873
86.021074
85.985721
85.976986
85.975156
85.971251
85.925751
85.923271
85.911472
85.905010
85.901637
85.862440
85.793756
85.588672
85.553617
84.984684
85.484765
86.021059
86.746332
86.479600
86.417883
85.910857
84.984684
85.546713
86.132487
85.392148
85.436187
85.316395
85.485651
85.975296
85.388367
86.117498
85.597813
85.830392
86.117164
85.900060
86.207372
86.219671
86.237705
84.763451
86.153275
86.174712
86.207591
85.996014
86.031096
85.015634
86.462582
85.747796
85.812521
86.439672
85.194541
85.985124
85.651987
86.123700
85.071617
85.177088
86.340562
86.030962
85.590284
84.985838
85.661779
85.301878
85.809208
85.515110
85.206882
86.594354
85.787647
86.196442
85.528882
85.936753
86.291597
86.080027
85.901463
85.600586
85.998460
85.477745
86.034770
86.056725
86.021632
85.644982
85.825130
86.247913
86.361845

86.746332
86.706051
86.594354
86.527160
86.479600
86.462582
86.439672
86.417883
86.361845
86.343344
86.340562
86.331751
86.291597
86.253736
86.247913
86.237705
86.235781
86.219671
86.215810
86.207591
86.207372
86.196442
86.192587
86.174712
86.165243
86.161000
86.153275
86.146194
86.132487
86.123700
85.901463
85.436187
85.194541
86.208737
86.389091
85.986708
86.152181
86.587877
86.370703
86.506129
85.372066
85.528203
86.192587
85.677242
86.246457
85.986034
86.414017
86.610795
85.107070
86.173590
86.214757
85.011634
86.267820
86.145894
86.337945
85.999782
86.547295
85.883313
86.188384
85.879174
85.919095
86.505725
85.940248
86.186297
85.453916
85.706486
86.031071
86.147387
85.131779
85.827678
85.659434
85.502790
85.949631
86.359304
86.073409
86.342752
85.648047
86.255515
85.168068
86.110184
86.059511
86.305086
86.308935
86.123700
86.333720
86.135484
85.986803
86.202953
86.850445
86.435050
85.362601
86.214792
86.782938
86.352507
85.847908
86.237556
86.099634
86.159234
86.338115
86.395341

86.850445
86.782938
86.746332
86.706051
86.610795
86.594354
86.587877
86.547295
86.527160
86.506129
86.505725
86.476341
86.462582
86.439672
86.435050
86.417883
86.414017
86.395341
86.389091
86.370703
86.361845
86.359304
86.352507
86.343344
86.342752
86.340562
86.338115
86.337945
86.333720
86.331751
85.372066
86.483418
86.405063
86.442168
86.000349
86.450688
86.876106
86.683386
86.284283
86.508873
86.674000
85.594728
86.383680
85.769522
86.428314
86.468481
86.264682
86.148028
86.363010
86.338115
86.062180
86.358703
86.588169
86.465057
86.769333
86.726835
86.191778
86.111068
86.683095
86.210175
86.072774
86.316211
85.763281
86.350203
86.641162
86.782938
86.457138
86.225403
86.486316
86.049632
86.322641
86.084173
86.746332
87.063505
86.595145
86.673234
86.625461
86.056674
86.296760
86.773528
86.991907
86.504598
86.231837
86.637881
85.923780
86.275110
86.149091
86.098855
86.260993
86.440707
86.302524
86.171505
86.596059
86.059759
86.628216
86.409872
86.423581
86.383935
85.864143
86.179128

87.063505
86.991907
86.876106
86.850445
86.782938
86.782938
86.773528
86.769333
86.746332
86.746332
86.726835
86.706051
86.683386
86.683095
86.674000
86.673234
86.641162
86.637881
86.628216
86.625461
86.610795
86.596059
86.595145
86.556908
86.588169
86.587877
86.547295
86.527160
86.508873
86.506129
86.457138
86.405063
86.337945
86.171505
86.111068
85.769522
85.372066
84.786129
86.068396
85.402963
86.441785
85.415759
86.590126
86.728223
86.260741
86.587877
86.155946
85.817684
86.114497
85.502238
86.513137
86.539892
86.647398
86.130553
86.484634
86.733346
86.763727
86.547295
86.821733
86.832345
86.630865
86.673992
86.595599
86.583005
86.669354
86.524095
86.617137
86.687511
86.156693
85.809017
86.514887
86.511603
86.471034
85.026697
85.691644
86.674360
85.888636
86.812984
86.587101
86.412228
86.550884
86.823259
86.700964
86.390205
85.626647
86.170841
86.472322
86.725873
85.722805
86.584976
86.084097
86.891488
87.227630
85.321188
87.044016
86.445993
85.703516
84.958892
86.841880
86.635669

87.227630
87.063505
87.044016
86.991907
86.891488
86.876106
86.850445
86.841880
86.832345
86.823259
86.821733
86.812984
86.782938
86.782938
86.773528
86.769333
86.763727
86.746332
86.746332
86.733346
86.728223
86.726835
86.725873
86.706051
86.700964
86.687511
86.683386
86.683095
86.674360
86.674000
85.626647
86.740933
86.510116
86.627799
86.593089
86.782938
86.602126
86.757250
86.793130
86.742741
86.314052
86.746332
86.746332
86.747708
86.782938
86.610985
86.445234
86.578098
86.960282
86.463242
86.787699
86.661194
86.955837
86.731074
86.572914
86.651289
86.529968
86.767460
86.782938
86.966042
86.746332
86.687612
86.746332
86.651330
86.447946
86.582716
87.077475
86.010271
86.747703
86.733346
86.806176
86.441401
86.410773
86.850445
87.118379
86.907732
86.532930
86.740212
86.843383
86.327480
86.592095
86.745622
86.349493
86.759347
86.102063
86.576194
86.976882
86.712563
86.730913
86.694690
86.261154
86.710728
86.762642
86.323081
86.483119
86.535979
86.499582
86.682640
86.182261
86.667065

87.227630
87.118379
87.077475
87.063505
87.044016
86.991907
86.976882
86.966042
86.960282
86.955837
86.907732
86.891488
86.876106
86.850445
86.850445
86.843383
86.841880
86.832345
86.823259
86.821733
86.812984
86.806176
86.793130
86.787699
86.782938
86.782938
86.782938
86.782938
86.782938
86.773528
86.710728
86.674360
86.593089
86.447946
86.285594
86.810387
86.813936
86.593580
86.972902
86.759756
86.503417
86.689613
86.983319
87.182971
85.934105
86.871156
86.904436
86.552523
86.587235
86.981380
86.905025
86.333314
86.611806
86.946237
87.225406
86.739948
86.723847
86.770125
86.477054
86.480281
86.919544
86.447502
86.818100
86.850445
86.730906
86.932635
86.891488
86.841361
86.359947
86.587235
86.546074
86.458856
86.782938
86.782938
86.905409
86.661466
86.674784
86.782938
86.865994
86.935986
86.782938
86.826875
86.762010
86.663799
86.493160
86.992651
86.579979
86.691839
86.792415
87.029185
86.698751
87.284812
86.804907
86.876106
86.907296
86.917170
86.462726
86.876321
86.504979
86.847300

87.284812
87.227630
87.225406
87.182971
87.118379
87.077475
87.063505
87.044016
87.029185
86.992651
86.991907
86.983319
86.981380
86.976882
86.972902
86.966042
86.960282
86.955837
86.946237
86.935986
86.932635
86.919544
86.917170
86.907732
86.907296
86.905409
86.905025
86.904436
86.891488
86.891488
87.129520
86.996974
86.935986
86.926787
86.485199
86.442929
87.032900
86.788604
87.217711
86.948228
87.117545
87.059371
87.022242
86.981485
86.764618
87.099463
87.073066
87.170516
87.213654
86.623280
86.960173
86.768708
87.006432
87.019215
86.820549
86.894494
87.039162
87.182989
86.817701
86.629970
86.859020
86.710548
87.199210
87.124962
86.718345
86.350183
87.230102
86.579284
87.003088
86.791535
87.074110
87.225650
86.806327
86.894577
86.831999
87.054411
86.727074
86.819309
86.851188
86.527672
86.442031
87.066674
86.891488
86.904359
86.886493
86.873265
86.948907
87.220678
86.911093
87.289791
86.764163
86.924772
87.142232
87.189055
86.979839
86.892012
87.077288
86.431983
86.861265
87.201268

87.289791
87.284812
87.230102
87.227630
87.225650
87.225406
87.220678
87.217711
87.213654
87.201268
87.199210
87.189055
87.182989
87.182971
87.170516
87.142232
87.129520
87.124962
87.118379
87.117545
87.099463
87.077475
87.077288
87.074110
87.073066
87.066674
87.063505
87.059371
87.054411
87.044016
87.029185
87.019215
86.960282
86.935986
86.817701
86.791535
86.838775
86.791053
87.052051
87.189857
86.960282
86.806215
87.196616
87.081738
87.229017
86.979276
87.018060
87.176175
87.227630
87.171863
87.429906
86.980086
86.948838
87.189055
87.223340
87.175307
87.003224
87.432512
87.044776
87.103400
86.918257
87.041500
87.317205
87.268347
86.980086
86.922418
87.059371
86.903781
87.136364
86.916065
87.118379
87.317205
87.097033
86.871368
87.141640
86.857537
87.038177
87.168600
86.976749
86.864664
87.189055
86.933576
87.047051
86.967473
87.266245
87.275170
87.106454
86.831435
87.117350
86.853109
87.314411
87.254398
86.690202
87.231958
87.243851
87.153499
86.914282
86.934252
86.525159
86.871135

87.432512
87.429906
87.317205
87.317205
87.314411
87.289791
87.284812
87.275170
87.268347
87.266245
87.254398
87.243851
87.231958
87.230102
87.229017
87.227630
87.227630
87.225650
87.225406
87.223340
87.220678
87.217711
87.213654
87.201268
87.199210
87.196616
87.189857
87.189055
87.189055
87.189055
86.948838
86.916065
86.914282
87.268347
87.189993
87.197513
87.336058
87.129096
87.033016
87.320761
87.246338
87.213814
87.205354
87.104342
86.888056
87.108306
87.228101
86.873918
87.396290
87.075332
87.018332
87.053682
87.127553
87.295835
87.056048
87.182721
86.852822
87.232386
87.064624
86.948838
87.217711
87.271436
87.021971
87.139813
87.139270
87.188779
87.182721
87.223340
87.357972
87.089187
87.220346
87.264610
87.255927
87.074455
86.957691
87.099089
87.223340
86.965097
87.212851
87.189055
87.254398
87.268347
86.932679
87.180658
87.487642
87.279951
87.199210
86.930758
87.505643
87.170302
87.296501
87.108597
87.249884
87.176559
86.983649
87.275170
87.161769
87.036296
87.109881
87.143777

87.505643
87.487642
87.432512
87.429906
87.396290
87.357972
87.336058
87.320761
87.317205
87.317205
87.314411
87.296501
87.295835
87.289791
87.284812
87.279951
87.275170
87.275170
87.271436
87.268347
87.268347
87.268347
87.266245
87.264610
87.255927
87.254398
87.254398
87.249884
87.246338
87.243851
87.223340
87.217711
86.983649
86.872130
87.167732
87.230016
87.275170
87.289791
87.240811
86.988528
87.337769
87.344304
87.225084
87.234255
87.121464
87.284812
87.284812
87.254398
87.317597
87.115191
87.201268
86.948777
87.188196
87.274304
87.221443
87.268347
87.333399
87.254398
87.322811
87.452728
87.235638
87.060793
87.266801
87.434497
87.296504
87.331070
87.275170
87.289635
87.201268
87.328373
87.077697
87.268347
87.198439
87.296501
87.229065
87.158939
87.392232
87.463708
87.246338
87.284812
87.180150
86.908043
87.295140
87.252345
87.023130
86.834520
87.356958
86.741259
87.473277
86.823429
87.396290
87.201268
87.409481
87.123387
87.349434
87.227299
87.505643
87.392232
87.227658
87.284812

87.505643
87.505643
87.487642
87.473277
87.463708
87.452728
87.434497
87.432512
87.429906
87.409481
87.396290
87.396290
87.392232
87.355562
87.357972
87.356958
87.349434
87.344304
87.337769
87.336058
87.333399
87.331070
87.328373
87.322811
87.320761
87.317597
87.317205
87.317205
87.314411
87.296504
87.227299
87.201268
87.013396
87.249884
87.213267
87.388231
87.482189
87.323892
87.520284
87.226654
87.498643
87.302128
87.447296
87.511792
87.333399
87.442604
87.317205
87.329111
87.297992
87.215897
87.111168
87.360569
87.328373
87.015720
87.301024
87.432130
87.351208
87.416678
87.322811
87.349434
87.322811
87.290856
87.309151
87.505643
87.176602
87.355592
87.201268
87.372785
87.328373
87.409481
87.303366
87.298007
87.122119
87.320761
87.296298
87.151877
87.198892
87.290839
87.432512
87.452728
87.177239
87.351182
87.434497
87.213267
86.983390
87.134093
87.317205
87.455185
87.278307
87.314525
87.413914
87.378508
87.217617
87.317854
87.355129
87.377489
87.371596
87.197167
87.330139
87.242274

87.520284
87.511792
87.505643
87.505643
87.505643
87.498643
87.487642
87.482189
87.473277
87.463708
87.455185
87.452728
87.452728
87.447296
87.442604
87.434497
87.434497
87.432512
87.432512
87.432130
87.429906
87.416678
87.413914
87.409481
87.409481
87.396290
87.396290
87.392232
87.388231
87.378508
87.328373
87.134093
87.354341
87.526487
86.956902
87.420350
87.479619
87.485051
87.096765
87.582840
87.195553
87.409481
87.228219
87.426772
87.337489
87.200124
87.378508
87.345213
87.105843
87.310273
87.448768
87.452728
87.532838
87.259791
87.482189
87.396290
87.490369
87.491845
87.515866
87.310096
87.433668
87.487872
87.473657
87.384163
87.388231
87.568295
87.232540
87.413825
87.635106
87.488336
87.454750
87.374617
87.443505
87.250729
87.527145
87.171908
86.802685
87.369559
87.298657
87.317597
87.348517
87.452728
87.367289
87.554964
87.361142
87.330875
87.498643
87.378508
87.452656
87.046388
87.406054
87.554964
87.467401
87.306506
87.201621
87.268104
87.057612
87.021364
87.452728
87.136574

87.635106
87.582840
87.568295
87.554964
87.554964
87.532838
87.527145
87.526487
87.520284
87.515866
87.511792
87.505643
87.505643
87.505643
87.498643
87.498643
87.491845
87.490369
87.488336
87.487872
87.487642
87.485051
87.482189
87.482189
87.479619
87.473657
87.473277
87.467401
87.463708
87.455185
87.388231
87.298657
87.250729
87.232540
87.468147
87.431204
87.554964
87.447277
87.314055
87.538340
87.461487
87.548251
87.572172
87.462323
87.491845
87.452728
87.498643
87.409543
87.420350
87.511792
87.534316
87.526385
87.505643
87.557653
87.338729
87.368295
87.303329
87.499689
87.662816
87.554964
87.326651
87.558638
87.115141
87.303402
87.201840
87.511792
87.250729
87.146201
87.304312
87.366993
87.565781
87.371860
87.652751
87.615457
87.379292
87.169978
87.470533
87.358509
87.424578
87.562193
87.297453
87.616897
87.390609
87.597117
87.570746
87.505643
87.463584
87.291545
87.186844
87.274493
87.172469
87.491845
87.301117
87.615457
87.043282
87.444790
87.454068
87.485051
87.505536
87.306033

87.662816
87.652751
87.635106
87.616897
87.615457
87.615457
87.597117
87.582840
87.572172
87.570746
87.568295
87.565781
87.562193
87.558638
87.557653
87.554964
87.554964
87.554964
87.554964
87.548251
87.538340
87.534316
87.532838
87.527145
87.526487
87.526385
87.520284
87.515866
87.511792
87.511792
87.511792
87.491845
87.473657
87.447277
87.298657
87.353265
87.470533
87.479360
87.492342
87.208044
87.572172
87.624325
87.520284
87.662816
87.527145
87.592857
87.534316
87.587047
87.532838
87.517590
87.373191
87.553308
87.511792
87.493428
87.405990
87.360569
87.588871
87.535496
87.495908
87.417067
87.554964
87.681954
87.553427
87.298657
87.498643
87.568295
87.429406
87.511792
87.557653
87.566516
87.524415
87.500686
87.597117
87.537950
87.520284
87.517104
87.473657
87.576835
87.438263
87.565883
87.582840
87.515866
86.902037
87.526487
87.609304
87.527145
87.505707
87.520284
87.349742
87.574437
87.511792
87.554964
87.608700
87.533108
87.572172
87.526022
87.582666
87.351670
87.450265
87.396518

87.681954
87.662816
87.662816
87.652751
87.635106
87.624325
87.616897
87.615457
87.615457
87.609304
87.608700
87.597117
87.597117
87.592857
87.588871
87.587047
87.582840
87.582840
87.582666
87.576835
87.574437
87.572172
87.572172
87.572172
87.570746
87.568295
87.568295
87.566516
87.565883
87.565781
87.417067
87.609304
87.608700
87.652751
87.549105
87.563463
87.599883
87.374331
87.624325
87.574437
87.485438
87.582178
87.568295
87.525081
87.580636
87.551542
87.658102
87.514608
87.592857
87.568295
87.496337
87.565781
87.643215
87.562719
87.681954
87.608700
87.422626
87.681954
87.612035
87.615457
87.568295
87.576835
87.524415
87.658134
87.449107
87.503272
87.652751
87.574437
87.611568
87.558638
87.583569
87.526447
87.635106
87.568295
87.642427
87.493428
87.512025
87.635106
87.488561
87.688938
87.608700
87.574437
87.605289
87.599883
87.568295
87.578643
87.587047
87.615457
87.608700
87.662816
87.615366
87.663546
87.592857
87.642369
87.608700
87.568295
87.498712
87.530649
87.574314
87.611864

87.688938
87.681954
87.681954
87.681954
87.663546
87.662816
87.662816
87.662816
87.658134
87.658102
87.652751
87.652751
87.652751
87.643215
87.642427
87.642369
87.635106
87.635106
87.635106
87.624325
87.624325
87.616897
87.615457
87.615457
87.615457
87.615457
87.615366
87.612035
87.611864
87.611568
87.608700
87.597117
87.537130
87.550438
87.662816
87.681954
87.624325
87.463446
87.635106
87.662816
87.663546
87.580865
87.633354
87.507650
87.551804
87.558638
87.588871
87.715284
87.568228
87.662816
87.594205
87.635106
87.613355
87.790805
87.591571
87.652751
87.608700
87.643215
87.652751
87.635106
87.624325
87.583569
87.645527
87.643215
87.615366
87.586581
87.582840
87.734014
87.734014
87.652751
87.558638
87.635106
87.615457
87.576601
87.662816
87.515687
87.662554
87.662816
87.686888
87.567758
87.626251
87.615457
87.580865
87.662816
87.663546
87.681954
87.597117
87.585294
87.604882
87.662816
87.714841
87.626163
87.615457
87.652751
87.718320
87.618452
87.635106
87.663546
87.615457
87.572536

87.790805
87.734014
87.734014
87.718320
87.715284
87.714841
87.688938
87.686888
87.681954
87.681954
87.681954
87.681954
87.681954
87.663546
87.663546
87.663546
87.663546
87.662816
87.662816
87.662816
87.662816
87.662816
87.662816
87.662816
87.662816
87.686844
87.662816
87.662554
87.658134
87.658102
87.635106
87.624325
87.618452
87.643215
87.543688
87.662816
87.675756
87.643215
87.663546
87.615457
87.558634
87.663546
87.714841
87.675756
87.624325
87.662816
87.790805
87.663546
87.675299
87.643215
87.637246
87.597595
87.635106
87.583812
87.681954
87.763519
87.601716
87.662816
87.664173
87.688938
87.662816
87.718320
87.608700
87.601716
87.662554
87.615457
87.592027
87.577186
87.662816
87.667352
87.576601
87.652751
87.645287
87.630507
87.681954
87.662816
87.662816
87.624325
87.615457
87.662816
87.624146
87.635106
87.624325
87.601716
87.662816
87.650147
87.615457
87.677880
87.681954
87.615457
87.642243
87.675756
87.643632
87.645919
87.790805
87.656708
87.615457
87.790805
87.624325
87.604844

87.790805
87.790805
87.790805
87.790805
87.763519
87.734014
87.734014
87.718320
87.718320
87.715284
87.714841
87.714841
87.688938
87.688938
87.686888
87.686844
87.681954
87.681954
87.681954
87.681954
87.681954
87.681954
87.681954
87.681954
87.677880
87.675756
87.675756
87.675756
87.675299
87.667352
87.663546
87.663546
87.652751
87.597595
87.714841
87.694837
87.513917
87.716697
87.597595
87.734014
87.681954
87.718320
87.677880
87.644064
87.662554
87.605190
87.576612
87.681796
87.796661
87.601716
87.674519
87.686844
87.790805
87.681954
87.591706
87.681954
87.686844
87.677880
87.681796
87.666561
87.732623
87.675756
87.714841
87.681954
87.601716
87.715538
87.587367
87.681954
87.686888
87.607803
87.657457
87.601716
87.583569
87.597595
87.675756
87.734014
87.703939
87.583812
87.716697
87.681954
87.675756
87.681954
87.731697
87.751520
87.598293
87.714841
87.635106
87.714841
87.718320
87.605922
87.635106
87.583569
87.694821
87.688938
87.657457
87.596205
87.601716
87.657457
87.605922
87.615457

87.796661
87.790805
87.790805
87.790805
87.790805
87.790805
87.763519
87.751520
87.734014
87.734014
87.734014
87.734014
87.732623
87.731697
87.718320
87.718320
87.718320
87.718320
87.716697
87.716697
87.715538
87.715284
87.714841
87.714841
87.714841
87.714841
87.714841
87.714841
87.703939
87.694837
87.681954
87.652751
87.598293
87.583569
87.708223
87.736842
87.720663
87.635106
87.790805
87.790805
87.691712
87.764358
87.732623
87.734014
87.732623
87.686888
87.718320
87.722382
87.593628
87.605974
87.605922
87.694837
87.615457
87.666326
87.734014
87.743524
87.718320
87.615457
87.724131
87.590896
87.662554
87.790805
87.604882
87.719038
87.724131
87.727407
87.724131
87.671898
87.649798
87.714841
87.769009
87.763519
87.763519
87.681796
87.681912
87.734014
87.664907
87.718320
87.732623
87.734014
87.796661
87.829248
87.591706
87.618452
87.734014
87.800454
87.660144
87.681796
87.715538
87.741474
87.718320
87.731697
87.714841
87.697208
87.583569
87.696107
87.718320
87.647580
87.608677
87.712879

87.829248
87.800454
87.796661
87.796661
87.790805
87.790805
87.790805
87.790805
87.790805
87.790805
87.790805
87.790805
87.769009
87.764358
87.763519
87.763519
87.763519
87.751520
87.743524
87.741474
87.736842
87.734014
87.734014
87.734014
87.734014
87.734014
87.734014
87.734014
87.734014
87.734014
87.572702
87.714841
87.686888
87.751520
87.800454
87.724131
87.810622
87.666326
87.734014
87.734014
87.662329
87.769009
87.690294
87.724131
87.580125
87.759232
87.586581
87.730684
87.734014
87.662629
87.666326
87.657457
87.556856
87.654150
87.796661
87.763519
87.480361
87.734014
87.764358
87.743524
87.751549
87.790805
87.734014
87.734014
87.751520
87.693970
87.763519
87.736842
87.734014
87.615764
87.666326
87.734014
87.694837
87.741474
87.741474
87.800454
87.734014
87.800454
87.586581
87.735485
87.876175
87.829248
87.615457
87.583706
87.568791
87.763519
87.790805
87.763519
87.763519
87.790805
87.734014
87.666326
87.823797
87.586581
87.763519
87.751520
87.714841
87.749149
87.734014
87.764358

87.876175
87.829248
87.829248
87.823797
87.810622
87.800454
87.800454
87.800454
87.800454
87.796661
87.796661
87.796661
87.790805
87.790805
87.790805
87.790805
87.790805
87.790805
87.790805
87.790805
87.790805
87.790805
87.790805
87.769009
87.769009
87.764358
87.764358
87.764358
87.763519
87.763519
87.763519
87.734014
87.734014
87.730684
87.583706
87.829248
87.790805
87.810622
87.780216
87.734014
87.763519
87.876175
87.743524
87.800454
87.764358
87.763519
87.741474
87.800454
87.834017
87.800454
87.749948
87.823797
87.790805
87.772244
87.769009
87.580125
87.823797
87.800454
87.712889
87.790805
87.751520
87.807231
87.764358
87.764358
87.764358
87.796661
87.769009
87.769009
87.790805
87.751549
87.790805
87.796661
87.734014
87.790805
87.800454
87.790805
87.769009
87.829248
87.767572
87.790805
87.790805
87.734014
87.796661
87.829248
87.667654
87.790561
87.662763
87.876175
87.790805
87.790805
87.790805
87.590447
87.666326
87.790805
87.790805
87.769009
87.876175
87.749948
87.763519
87.829248

87.876175
87.876175
87.876175
87.876175
87.834017
87.829248
87.829248
87.829248
87.829248
87.829248
87.829248
87.823797
87.823797
87.823797
87.810622
87.810622
87.807231
87.800454
87.800454
87.800454
87.800454
87.800454
87.800454
87.800454
87.800454
87.800454
87.796661
87.796661
87.796661
87.796661
87.763519
87.763519
87.807764
87.742184
87.790805
87.876175
87.884950
87.800454
87.834017
87.800454
87.796661
87.795364
87.823797
87.810622
87.845775
87.800454
87.800454
87.800454
87.836730
87.763519
87.763519
87.771348
87.800454
87.796661
87.796661
87.800454
87.800454
87.710304
87.763519
87.829248
87.823797
87.800454
87.823797
87.771760
87.710304
87.821756
87.815262
87.796661
87.763519
87.790805
87.753029
87.829248
87.796661
87.796661
87.836730
87.796661
87.800454
87.710304
87.829248
87.800454
87.823797
87.876175
87.848356
87.800454
87.821991
87.763519
87.794313
87.876175
87.710304
87.829248
87.763519
87.836730
87.884950
87.710304
87.800454
87.810622
87.823797
87.800454
87.800454
87.796661

87.884950
87.884950
87.876175
87.876175
87.876175
87.876175
87.876175
87.876175
87.876175
87.848356
87.845775
87.836730
87.836730
87.836730
87.834017
87.834017
87.829248
87.829248
87.829248
87.829248
87.829248
87.829248
87.829248
87.829248
87.829248
87.829248
87.823797
87.823797
87.823797
87.823797
87.810622
87.800454
87.796661
87.796661
87.763519
87.803558
87.829248
87.884950
87.796661
87.823797
87.876175
87.815844
87.771348
87.763519
87.898830
87.876175
87.876175
87.845775
87.829248
87.829248
87.796661
87.829248
87.790561
87.829248
87.710304
87.834017
87.821991
87.884950
87.876175
87.829248
87.823797
87.848356
87.829248
87.829248
87.829248
87.823797
87.710304
87.876175
87.810622
87.821991
87.834017
87.821991
87.710304
87.710304
87.790805
87.912907
87.790805
87.821991
87.800454
87.912907
87.876175
87.771348
87.751520
87.829248
87.912907
87.790805
87.912907
87.829248
87.800454
87.821991
87.759917
87.829248
87.852670
87.829248
87.876175
87.829248
87.815262
87.710304
87.790805
87.821991

87.912907
87.912907
87.912907
87.912907
87.898830
87.884950
87.884950
87.884950
87.884950
87.876175
87.876175
87.876175
87.876175
87.876175
87.876175
87.876175
87.876175
87.876175
87.876175
87.876175
87.876175
87.876175
87.876175
87.852670
87.848356
87.848356
87.845775
87.845775
87.836730
87.836730
87.829248
87.829248
87.823797
87.821991
87.821991
87.796661
87.710304
87.912907
87.898830
87.912907
87.836730
87.913919
87.876175
87.912907
87.763274
87.898830
87.876175
87.780436
87.876175
87.876175
87.876175
87.884950
87.912907
87.876175
87.876175
87.755173
87.771348
87.845775
87.845775
87.876175
87.856464
87.771348
87.884950
87.771348
87.751520
87.821991
87.912907
87.845775
87.876175
87.848356
87.912907
87.884950
87.800454
87.848356
87.876175
87.823797
87.912907
87.876175
87.912907
87.876175
87.884950
87.876175
87.912907
87.876175
87.848356
87.876175
87.876175
87.898830
87.912907
87.800454
87.816400
87.821991
87.852670
87.876175
87.876175
87.884950
87.876175
87.898830
87.751520
87.912907

87.955404
87.912907
87.912907
87.912907
87.912907
87.912907
87.912907
87.912907
87.912907
87.912907
87.912907
87.912907
87.912907
87.912907
87.912907
87.912907
87.898830
87.898830
87.898830
87.898830
87.898830
87.884950
87.884950
87.884950
87.884950
87.884950
87.884950
87.884950
87.884950
87.884950
87.876175
87.845775
87.912907
87.912907
87.912907
87.884950
87.912907
87.912907
87.884950
87.884950
87.912907
87.912907
87.898830
87.912907
87.912907
87.884950
87.898830
87.973414
87.884950
87.912907
87.886828
87.884950
87.898830
87.884950
87.884950
87.898830
87.912907
87.912907
87.876175
87.884950
87.912907
87.876175
87.876175
87.884950
87.912907
87.912907
87.876175
87.912907
87.884950
87.884950
87.884950
87.912907
87.912907
87.912907
87.884950
87.884950
87.898830
87.884950
87.884950
87.912907
87.912907
87.884950
87.912907
87.832577
87.884950
87.912907
87.912912
87.876175
87.912907
87.920479
87.912907
87.898830
87.912907
87.884950
87.898830
87.884950
87.845775
87.884950
87.912907
87.884950

87.973414
87.955404
87.920479
87.912912
87.912907
87.912907
87.912907
87.912907
87.912907
87.912907
87.912907
87.912907
87.912907
87.912907
87.912907
87.912907
87.912907
87.912907
87.912907
87.912907
87.912907
87.912907
87.912907
87.912907
87.912907
87.912907
87.912907
87.912907
87.912907
87.912907
87.912907
87.898830
87.884950
87.884950
87.912907
87.912907
87.884950
87.912907
87.912907
87.912907
87.902090
87.912907
87.912907
87.912907
87.912907
87.912907
87.912907
87.912907
87.912907
87.912907
87.912907
87.902090
87.912907
87.912907
87.884950
87.912907
87.884950
87.912907
87.912907
87.973414
87.898830
87.912907
87.912907
87.912907
87.902090
87.973414
87.913919
87.912907
87.912907
87.898830
87.912907
87.912907
87.912907
87.912907
87.913919
87.912907
87.912907
87.912907
87.912907
87.898830
87.912907
87.920479
87.955404
87.912907
87.912907
87.912907
87.912907
87.912907
87.898830
87.912907
87.884950
87.912907
87.912907
87.912907
87.912907
87.912907
87.912907
87.912907
87.912907
87.912907

87.973414
87.973414
87.973414
87.955404
87.955404
87.920479
87.920479
87.913919
87.913919
87.912912
87.912907
87.912907
87.912907
87.912907
87.912907
87.912907
87.912907
87.912907
87.912907
87.912907
87.912907
87.912907
87.912907
87.912907
87.912907
87.912907
87.912907
87.912907
87.912907
87.912907
87.912907
87.912907
87.912907
87.912907
87.912907
87.973414
87.912907
87.912907
87.912907
87.912907
87.912907
87.912907
87.912907
87.912907
87.912907
87.912907
87.902090
87.913919
87.973414
87.912907
87.912907
87.973414
87.912907
87.912907
87.912907
87.973414
87.912907
87.912907
87.984890
88.006741
87.912907
87.920479
87.912907
87.912907
87.920479
87.912907
87.920479
87.912907
87.973414
87.912907
87.912907
87.973414
87.973414
87.912907
87.920479
87.955404
87.912907
87.912907
87.912907
87.912907
87.912907
87.912907
87.912907
87.902090
87.913919
87.912907
87.912907
87.912907
87.912907
87.913919
87.912907
87.912907
87.913919
87.935624
87.912907
87.973414
87.912907
87.912907
87.912907
87.912907

88.006741
87.984890
87.973414
87.973414
87.973414
87.973414
87.973414
87.973414
87.973414
87.973414
87.973414
87.973414
87.973414
87.955404
87.955404
87.955404
87.935624
87.920479
87.920479
87.920479
87.920479
87.945964
87.920479
87.913919
87.913919
87.913919
87.913919
87.913919
87.913919
87.912912
87.912907
87.920479
87.955404
87.973414
87.920479
87.955404
87.955404
87.912907
87.913919
87.912907
87.912907
87.984890
87.973414
87.920479
87.973414
87.955404
87.984890
87.920479
87.912907
87.912907
87.955404
88.011326
87.912907
87.912907
87.912907
87.984890
87.955404
87.912907
87.912912
87.920479
87.913919
87.920479
87.984890
87.973414
87.973414
87.955404
87.913919
87.913919
87.912907
87.955404
87.920479
87.912907
87.920479
87.912907
87.955404
87.945964
87.948230
87.912907
87.913919
87.973414
87.912907
87.912907
87.973414
87.920479
87.955404
87.973414
87.955404
87.920479
87.920479
87.913919
87.955404
87.973414
87.973414
87.973414
87.913919
87.984890
87.955404
87.955404
87.984890
87.913919

88.011326
88.006741
87.984890
87.984890
87.984890
87.984890
87.984890
87.984890
87.984890
87.973414
87.973414
87.973414
87.973414
87.973414
87.973414
87.973414
87.973414
87.973414
87.973414
87.973414
87.973414
87.967198
87.973414
87.973414
87.973414
87.973414
87.973414
87.973414
87.973414
87.973414
87.912907
87.973414
87.973414
87.973414
87.973414
87.973414
87.973414
87.984890
87.973414
87.967198
87.984890
87.984890
87.973414
87.984890
87.973414
87.973414
88.006741
87.973414
87.973414
87.973414
87.973414
87.973414
87.973414
87.973414
87.973414
87.973414
87.973414
87.973414
87.973414
87.973414
87.973414
87.984890
87.973414
87.973414
87.973414
87.973414
87.912907
87.973414
87.973414
87.984890
87.984890
88.011326
87.973414
87.973414
87.973414
87.973414
87.984890
87.973414
87.973414
87.984890
87.973414
87.984890
87.973414
87.973414
87.984890
87.984890
87.973414
87.973414
87.984890
87.973414
87.967198
87.973414
87.967198
87.920479
87.973414
87.973414
87.973414
87.973414
87.973414
87.973414

88.011326
88.011326
88.006741
88.006741
87.984890
87.984890
87.984890
87.984890
87.984890
87.984890
87.984890
87.984890
87.984890
87.984890
87.984890
87.984890
87.984890
87.984890
87.984890
87.984890
87.984890
87.984890
87.984890
87.984890
87.973414
87.973414
87.973414
87.973414
87.973414
87.973414
87.973414
87.973414
87.967198
87.984890
87.984890
87.984890
87.984890
87.984890
87.984890
88.006741
88.006741
87.984890
87.973414
87.984890
88.011326
87.973414
87.984890
87.984890
87.984890
87.984890
87.984890
87.973414
87.973414
87.984890
87.984890
87.984890
88.011326
87.984890
87.973414
87.984890
87.984890
87.984890
87.984890
87.973414
88.006741
88.011326
87.984890
87.984890
87.973414
87.984890
87.984890
87.984890
87.984890
87.973414
88.006741
87.984890
87.967198
87.984890
87.984890
87.984890
87.984890
88.006741
87.984890
87.984890
87.984890
87.973414
87.973414
87.984890
87.973414
87.973414
87.984890
87.984890
87.984890
87.984890
87.984890
87.984890
88.009554
87.984890
87.984890
87.984890

88.011326
88.011326
88.011326
88.011326
88.011326
88.009554
88.006741
88.006741
88.006741
88.006741
88.006741
88.006741
88.006741
87.984890
87.984890
87.984890
87.984890
87.984890
87.984890
87.984890
87.984890
87.984890
87.984890
87.984890
87.984890
87.984890
87.984890
87.984890
87.984890
87.984890
87.984890
87.984890
87.984890
87.973414
87.984890
87.984890
88.011326
87.984890
87.984890
87.984890
87.984890
87.984890
87.984890
87.984890
87.984890
87.984890
87.984890
87.984890
87.984890
88.011326
87.984890
88.009554
88.009554
88.006741
87.984890
88.006741
87.984890
87.984890
88.011326
87.984890
88.009554
87.984890
87.984890
87.984890
88.006741
88.009554
87.984890
87.984890
88.006741
87.984890
87.984890
87.984890
88.011326
88.006741
87.984890
87.973414
87.984890
88.006741
88.006741
87.984890
87.984890
88.011326
87.984890
87.984890
87.984890
87.984890
88.011326
88.011326
87.984890
87.984890
87.984890
87.984890
87.984890
88.009554
87.984890
87.984890
88.006741
88.011326
87.984890
87.984890

88.011326
88.011326
88.011326
88.011326
88.011326
88.011326
88.011326
88.011326
88.011326
88.011326
88.011326
88.011326
88.011326
88.009554
88.009554
88.009554
88.009554
88.009554
88.009554
88.006741
88.006741
88.006741
88.006741
88.006741
88.006741
88.006741
88.006741
88.006741
88.006741
88.006741
87.984890
87.984890
87.984890
88.009554
88.011326
88.040314
88.011326
88.009554
88.009554
88.011326
88.011326
88.009554
88.009554
88.009554
88.006741
88.006741
88.009554
87.984890
88.011326
88.006741
87.984890
88.009554
88.006741
88.011326
88.011326
88.011326
88.009554
88.009554
88.011326
88.006741
88.006741
88.011326
88.011326
88.011326
88.039348
88.006741
88.011326
88.011326
88.011326
88.011326
88.006741
88.011326
88.009554
88.006741
88.011326
88.039348
88.006741
88.006741
88.011326
87.984890
87.984890
88.011326
88.006741
88.006741
88.006741
88.009554
88.011326
88.006741
88.011326
88.011326
88.006741
88.006741
88.011326
88.006741
88.011326
88.006741
88.006741
88.006741
87.984890
88.011326

88.040314
88.039348
88.039348
88.011326
88.011326
88.011326
88.011326
88.011326
88.011326
88.011326
88.011326
88.011326
88.011326
88.011326
88.011326
88.011326
88.011326
88.011326
88.011326
88.011326
88.011326
88.011326
88.011326
88.011326
88.011326
88.011326
88.011326
88.011326
88.011326
88.011326
88.011326
88.009554
87.984890
87.984890
88.011326
88.040314
88.011326
88.011326
87.984890
88.011326
88.011326
88.011326
88.011326
88.011326
88.011326
88.011326
88.011326
88.011326
88.011326
88.011326
88.039348
88.011326
88.011326
88.011326
88.009554
88.011326
88.011326
88.011326
88.011326
88.011326
88.011326
88.040314
88.011326
88.011326
88.011326
88.011326
88.011326
88.039348
88.011326
88.011326
88.040314
88.011326
88.011326
88.009554
88.011326
88.011326
88.011326
88.011326
87.984890
88.011326
88.039348
88.039348
88.011326
88.011326
88.011326
88.039348
88.011326
88.040314
88.011326
87.984890
88.011326
88.011326
88.011326
88.011326
88.011326
88.011326
88.039348
88.039348
88.011326
88.011326

88.040314
88.040314
88.040314
88.040314
88.040314
88.039348
88.039348
88.039348
88.039348
88.039348
88.039348
88.039348
88.039348
88.039348
88.011326
88.011326
88.011326
88.011326
88.011326
88.011326
88.011326
88.011326
88.011326
88.011326
88.011326
88.011326
88.011326
88.011326
88.011326
88.011326
88.011326
88.011326
88.011326
88.011326
88.009554
88.039348
88.011326
88.009554
88.011326
88.011326
88.039348
88.039348
88.011326
88.011326
88.039348
88.011326
88.039348
88.039348
88.011326
88.011326
88.011326
88.011326
88.011326
88.011326
88.011326
88.011326
88.011326
88.011326
88.011326
88.009554
88.039348
88.011326
88.011326
88.011326
87.984890
88.039348
88.039348
88.011326
88.040314
88.011326
88.011326
88.011326
88.011326
88.039348
88.039348
88.039348
88.039348
88.011326
88.011326
88.011326
88.006741
88.011326
88.011326
88.011326
88.039348
88.040314
88.039348
88.039348
88.040314
88.011326
88.011326
88.011326
88.011326
88.011326
88.011326
88.011326
88.011326
88.011326
88.011326
88.039348

88.040314
88.040314
88.040314
88.040314
88.040314
88.040314
88.040314
88.040314
88.039348
88.039348
88.039348
88.039348
88.039348
88.039348
87.996482
88.039348
88.039348
88.039348
88.039348
88.039348
88.039348
88.039348
88.039348
88.039348
88.039348
88.039348
88.039348
88.039348
88.039348
88.039348
88.011326
88.011326
88.011326
88.011326
88.039348
88.062981
88.039348
88.039348
88.039348
88.039348
88.039348
88.039348
88.039348
88.039348
88.040314
88.039348
88.040314
88.040314
88.040314
88.011326
88.040314
87.990301
88.011326
88.039348
88.039348
88.040314
88.039348
88.040314
88.011326
88.039348
88.039348
88.039348
88.039348
88.039348
88.039348
88.011326
88.039348
88.011326
88.039348
88.040314
88.039348
88.039348
88.039348
88.039348
88.040314
88.039348
88.039348
88.039348
88.040314
88.040314
88.039348
87.955520
88.039348
88.039348
88.044102
88.031867
88.039348
88.039348
88.039348
88.039348
88.039348
88.039348
88.039348
88.039348
88.039348
88.039348
88.039348
88.039348
88.039348
88.039348

88.062981
88.044102
88.040314
88.040314
88.040314
88.040314
88.040314
88.040314
88.040314
88.040314
88.040314
88.040314
88.040314
88.040314
88.040314
88.040314
88.040314
88.040314
88.040314
88.040314
88.040314
88.039348
88.039348
88.039348
88.039348
88.039348
88.039348
88.039348
88.039348
88.039348
88.039348
88.039348
88.039348
88.062981
88.040314
88.040314
88.040314
88.039348
88.040314
88.040314
88.040314
88.011326
88.040314
88.039348
88.039348
88.039348
88.044102
88.039348
88.040314
88.039348
88.040314
88.040314
88.040314
88.040314
88.040314
88.040314
88.040314
88.040314
88.039348
88.039348
88.040314
88.040314
88.040314
88.040314
88.040314
88.040314
88.040314
88.039348
88.039348
88.040314
88.039348
88.040314
88.040314
88.040314
88.040314
88.062981
88.040314
88.039348
88.040314
88.040314
88.040314
88.040314
88.040314
88.040314
88.062981
88.040314
88.040314
88.040314
88.040314
88.039348
88.040314
88.039348
88.040314
88.040314
88.039348
88.039348
88.040314
88.062981
88.040314
88.039348

88.062981
88.062981
88.062981
88.062981
88.062981
88.033810
88.044102
88.040314
88.040314
88.040314
88.040314
88.040314
88.040314
88.040314
88.040314
88.040314
88.040314
88.040314
88.040314
88.040314
88.040314
88.040314
88.040314
88.040314
88.040314
88.040314
88.040314
88.040314
88.040314
88.040314
88.040314
88.039348
88.040314
88.040314
88.039348
88.044102
88.040314
88.040314
88.040314
88.040314
88.040314
88.040314
88.040314
88.044102
88.040314
88.040314
88.062981
88.040314
88.039348
88.062981
88.062981
88.040314
88.040314
88.040314
88.040314
88.040314
88.040314
88.062981
88.040314
88.040314
88.040314
88.040314
88.040314
88.040314
88.040314
88.062981
88.040314
88.040314
88.040314
88.050803
88.040314
88.040314
88.040314
88.040314
88.040314
88.062981
88.040314
88.039348
88.040314
88.040314
88.062981
88.040314
88.040314
88.040314
88.062981
88.040314
88.040314
88.040314
88.040314
88.040314
88.040314
88.040314
88.062981
88.040314
88.040314
88.040314
88.062981
88.040314
88.044102
88.040314

88.062981
88.062981
88.062981
88.062981
88.062981
88.062981
88.062981
88.062981
87.927779
88.062981
88.062981
88.062981
88.062981
88.062981
88.062981
88.050803
88.044102
88.044102
88.044102
88.044102
88.040314
88.040314
88.040314
88.040314
88.040314
88.040314
88.040314
88.040314
88.040314
88.040314
88.040314
88.040314
88.040314
88.040314
88.040314
88.040314
88.017676
88.040314
88.040314
88.044102
88.062981
88.040314
88.062981
87.967294
88.040314
88.062981
88.062981
88.040314
88.040314
88.040314
87.912034
88.062981
88.062981
88.062981
88.040314
88.040314
88.062981
88.040314
88.062981
88.044102
88.062981
88.062981
88.062981
88.044102
88.062981
88.040314
88.062981
88.062981
88.062981
88.040314
88.062981
88.040314
88.040314
88.062981
88.040314
88.062981
88.062981
88.062981
88.062981
88.040314
88.062981
88.062981
88.040314
87.927779
88.062981
88.044102
88.017676
88.062981
88.040314
88.040314
88.040314
88.040314
88.040314
87.967294
88.062981
88.062981
88.040314
88.062981
88.040314
88.058264

88.062981
88.062981
88.062981
88.062981
88.062981
88.062981
88.062981
88.062981
88.062981
88.062981
88.062981
88.062981
88.062981
88.062981
88.062981
88.062981
88.062981
88.026608
88.062981
88.062981
88.062981
88.062981
88.062981
88.062981
88.062981
88.062981
88.062981
88.062981
88.062981
88.062981
88.040314
88.040314
88.040314
88.040314
88.040314
88.062981
88.062981
88.062981
88.062981
88.062981
88.062981
88.062981
88.062981
88.062981
88.062981
88.062981
88.040314
88.062981
88.062981
88.062981
88.062981
88.062981
88.040314
88.062981
88.062981
88.062981
88.062981
88.062981
88.062981
88.062981
88.062981
88.062981
88.040314
88.040314
88.040314
88.062981
88.062981
88.062981
88.062981
88.062981
88.062981
88.062981
88.062981
88.062981
88.062981
88.062981
88.062981
88.062981
88.040314
88.062981
88.040314
88.062981
88.062981
88.062981
88.062981
88.062981
88.062981
88.062981
88.062981
88.062981
88.062981
88.062981
88.062981
88.040314
88.062981
88.062981
88.062981
88.062981
88.062981
88.062981

88.062981
88.062981
88.062981
88.062981
88.062981
88.062981
88.062981
88.062981
88.062981
88.062981
88.062981
88.062981
88.062981
88.062981
88.062981
88.062981
88.062981
88.062981
88.062981
88.062981
88.062981
88.062981
88.062981
88.062981
88.062981
88.062981
88.062981
88.062981
88.062981
88.062981
88.062981
88.062981
88.040314
88.062981
88.062981
88.062981
88.062981
88.062981
88.062981
88.062981
88.062981
88.062981
88.062981
88.062981
88.062981
88.062981
88.062981
88.062981
88.062981
88.062981
88.062981
88.040314
88.062981
88.062981
88.062981
88.062981
88.062981
88.062981
88.062981
88.062981
88.062981
88.062981
88.062981
88.062981
88.062981
88.062981
88.062981
88.062981
88.062981
88.062981
88.062981
88.062981
88.062981
88.062981
88.062981
88.062981
88.062981
88.062981
88.062981
88.062981
88.062981
88.062981
88.062981
88.062981
88.062981
88.062981
88.062981
88.062981
88.062981
88.062981
88.062981
88.062981
88.062981
88.062981
88.062981
88.062981
88.062981
88.062981
88.062981
88.062981

88.062981
88.062981
88.062981
88.062981
88.062981
88.062981
88.062981
88.062981
88.062981
88.062981
88.062981
88.062981
88.062981
88.062981
88.062981
88.062981
88.062981
88.062981
88.062981
88.062981
88.062981
88.062981
88.062981
88.062981
88.062981
88.062981
88.062981
88.062981
88.062981
88.062981
88.062981
88.062981
88.062981
88.062981
88.062981
88.062981
88.062981
88.062981
88.062981
88.062981
88.062981
88.062981
88.062981
88.062981
88.062981
88.062981
88.062981
88.062981
88.062981
88.062981
88.062981
88.062981
88.062981
88.062981
88.062981
88.062981
88.062981
88.062981
88.062981
88.062981
88.062981
88.062981
88.062981
88.062981
88.062981
88.062981
88.062981
88.062981
88.062981
88.062981
88.062981
88.062981
88.062981
88.062981
88.062981
88.062981
88.062981
88.062981
88.062981
88.062981
88.062981
88.062981
88.062981
88.062981
88.062981
88.062981
88.062981
88.062981
88.062981
88.062981
88.062981
88.062981
88.062981
88.062981
88.062981
88.062981
88.062981
88.062981
88.062981
88.062981

88.062981
88.062981
88.062981
88.062981
88.062981
88.062981
88.062981
88.062981
88.062981
88.062981
88.062981
88.062981
88.062981
88.062981
88.062981
88.062981
88.062981
88.062981
88.062981
88.062981
88.062981
88.062981
88.062981
88.062981
88.062981
88.062981
88.062981
88.062981
88.062981
88.062981
88.062981
88.062981
88.062981
88.062981
88.062981
88.062981
88.062981
88.062981
88.062981
88.062981
88.062981
88.062981
88.062981
88.062981
88.062981
88.062981
88.062981
88.062981
88.062981
88.062981
88.062981
88.062981
88.062981
88.062981
88.062981
88.062981
88.062981
88.062981
88.062981
88.062981
88.062981
88.062981
88.062981
88.062981
88.062981
88.062981
88.062981
88.062981
88.062981
88.062981
88.062981
88.062981
88.062981
88.062981
88.062981
88.062981
88.062981
88.062981
88.062981
88.062981
88.062981
88.062981
88.062981
88.062981
88.062981
88.062981
88.062981
88.062981
88.062981
88.062981
88.062981
88.062981
88.062981
88.062981
88.062981
88.062981
88.062981
88.062981
88.062981
88.062981

88.062981
88.062981
88.062981
88.062981
88.062981
88.062981
88.062981
88.062981
88.062981
88.062981
88.062981
88.062981
88.062981
88.062981
88.062981
88.062981
88.062981
88.062981
88.062981
88.062981
88.062981
88.062981
88.062981
88.062981
88.062981
88.062981
88.062981
88.062981
88.062981
88.062981
88.062981
88.062981
88.062981
88.062981
88.062981
88.062981
88.062981
88.062981
88.062981
88.062981
88.062981
88.062981
88.062981
88.062981
88.062981
88.062981
88.062981
88.062981
88.062981
88.062981
88.062981
88.062981
88.062981
88.062981
88.062981
88.062981
88.062981
88.062981
88.062981
88.062981
88.062981
88.062981
88.062981
88.062981
88.062981
88.062981
88.062981
88.062981
88.062981
88.062981
88.062981
88.062981
88.062981
88.062981
88.062981
88.062981
88.062981
88.062981
88.062981
88.062981
88.062981
88.062981
88.062981
88.062981
88.062981
88.062981
88.062981
88.062981
88.062981
88.062981
88.062981
88.062981
88.062981
88.062981
88.062981
88.062981
88.062981
88.062981
88.062981
88.062981

88.062981
88.062981
88.062981
88.062981
88.062981
88.062981
88.062981
88.062981
88.062981
88.062981
88.062981
88.062981
88.062981
88.062981
88.062981
88.062981
88.062981
88.062981
88.062981
88.062981
88.062981
88.062981
88.062981
88.062981
88.062981
88.062981
87.893299
88.062981
88.062981
88.062981
88.062981
88.062981
88.062981
88.062981
88.062981
88.062981
88.062981
88.062981
88.062981
88.062981
88.062981
88.062981
88.062981
88.062981
88.062981
88.062981
88.062981
88.062981
88.062981
88.062981
88.062981
88.062981
88.062981
88.062981
88.062981
88.062981
88.062981
88.062981
88.062981
88.062981
88.062981
88.062981
88.062981
88.062981
88.062981
88.062981
88.062981
87.893299
88.062981
88.062981
88.062981
88.062981
88.062981
88.062981
88.062981
88.062981
88.062981
88.062981
88.062981
88.062981
88.062981
88.062981
88.062981
88.062981
88.062981
88.062981
88.062981
88.062981
88.062981
88.062981
88.062981
88.062981
88.062981
88.062981
88.062981
88.062981
88.062981
88.062981
87.893299
88.062981

88.062981
88.062981
88.062981
88.062981
88.062981
88.062981
88.062981
88.062981
88.062981
88.062981
88.062981
88.062981
88.062981
88.062981
88.062981
88.062981
88.062981
88.062981
88.062981
88.062981
88.062981
88.062981
88.062981
88.062981
88.062981
88.062981
88.062981
88.062981
88.062981
88.062981
88.062981
88.062981
88.062981
88.062981
88.062981
88.062981
88.062981
88.062981
88.062981
88.062981
88.062981
88.062981
88.062981
88.062981
88.062981
88.062981
88.062981
88.062981
88.062981
88.062981
88.062981
88.062981
88.062981
88.062981
88.062981
88.062981
88.062981
88.062981
88.062981
88.062981
88.062981
88.062981
88.062981
88.062981
88.062981
88.062981
88.062981
88.062981
88.062981
88.062981
88.062981
88.062981
88.062981
88.062981
88.062981
88.062981
88.062981
88.062981
88.062981
88.062981
88.062981
88.062981
88.062981
88.062981
88.062981
88.062981
88.062981
88.062981
88.062981
88.062981
88.062981
88.062981
88.062981
88.062981
88.062981
88.062981
88.062981
88.062981
88.062981
88.062981

88.062981
88.062981
88.062981
88.062981
88.062981
88.062981
88.062981
88.062981
88.062981
88.062981
88.062981
88.062981
88.062981
88.062981
88.062981
88.062981
88.062981
88.062981
88.062981
88.062981
88.062981
88.062981
88.062981
88.062981
88.062981
88.062981
88.062981
88.062981
88.062981
88.062981
88.062981
88.062981
88.062981
88.062981
88.062981
88.062981
88.062981
88.062981
88.062981
88.062981
88.062981
88.062981
88.062981
88.062981
88.062981
88.062981
88.062981
88.062981
88.062981
88.062981
88.062981
88.062981
88.062981
88.062981
88.062981
88.062981
88.062981
88.062981
88.062981
88.062981
88.062981
88.062981
88.062981
88.062981
88.062981
88.062981
88.062981
88.062981
88.062981
88.062981
88.062981
88.062981
88.062981
88.062981
88.062981
88.062981
88.062981
88.062981
88.062981
88.062981
88.062981
88.062981
88.062981
88.062981
88.062981
88.062981
88.062981
88.062981
88.062981
88.062981
88.062981
88.062981
88.062981
88.062981
88.062981
88.062981
88.062981
88.062981
88.062981
88.062981

88.062981
88.062981
88.062981
88.062981
88.062981
88.062981
88.062981
88.062981
88.062981
88.062981
88.062981
88.062981
88.062981
88.062981
88.062981
88.062981
88.062981
88.062981
87.953812
88.062981
88.062981
88.062981
88.062981
88.062981
88.062981
88.062981
88.062981
88.062981
88.062981
88.062981
88.062981
88.062981
88.062981
88.062981
88.062981
88.062981
88.062981
88.062981
88.062981
88.062981
88.062981
88.062981
88.062981
88.062981
88.062981
88.062981
88.062981
88.062981
88.062981
88.062981
88.062981
88.062981
88.062981
88.062981
88.062981
88.062981
88.062981
88.062981
88.062981
88.062981
88.062981
88.062981
88.062981
88.062981
88.062981
88.062981
88.062981
88.062981
88.062981
88.062981
88.062981
88.062981
88.062981
88.062981
88.062981
88.062981
88.062981
88.062981
88.062981
88.062981
88.062981
88.062981
87.953812
88.062981
88.062981
88.062981
88.062981
88.062981
88.062981
88.062981
88.062981
88.062981
88.062981
87.953812
88.062981
88.062981
88.062981
87.953812
88.062981
88.062981

88.062981
88.062981
88.062981
88.062981
88.062981
88.062981
88.062981
88.062981
88.062981
88.062981
88.062981
88.062981
88.062981
88.062981
88.062981
88.062981
88.062981
88.062981
88.062981
88.062981
88.062981
88.062981
88.062981
88.062981
88.062981
88.062981
88.062981
88.062981
88.062981
88.062981
88.062981
88.062981
88.062981
88.062981
88.062981
88.062981
88.062981
88.062981
88.062981
88.062981
88.062981
88.062981
88.062981
88.062981
88.062981
88.062981
88.062981
88.062981
88.062981
88.062981
88.062981
88.062981
88.062981
88.062981
88.062981
88.062981
88.062981
88.062981
88.062981
88.062981
88.062981
88.062981
88.062981
88.062981
88.062981
88.062981
88.062981
88.062981
88.062981
88.062981
88.062981
88.062981
88.062981
88.062981
88.062981
88.062981
88.062981
88.062981
88.062981
88.062981
88.062981
88.062981
88.062981
88.062981
88.062981
88.062981
88.062981
88.062981
88.062981
88.062981
88.062981
88.062981
88.062981
88.062981
88.062981
88.062981
88.062981
88.062981
88.062981
88.062981

88.062981
88.062981
88.062981
88.062981
88.062981
88.062981
88.062981
88.062981
88.062981
88.062981
88.062981
88.062981
88.062981
88.062981
88.062981
88.062981
88.062981
88.062981
88.062981
88.062981
88.062981
88.062981
88.062981
88.062981
88.062981
88.062981
88.062981
88.062981
88.062981
88.062981
88.062981
88.062981
88.062981
88.062981
88.062981
88.062981
88.062981
88.062981
88.062981
88.062981
88.062981
88.062981
88.062981
88.062981
88.062981
88.062981
88.062981
88.062981
88.062981
88.062981
88.062981
88.062981
88.062981
88.062981
88.062981
88.062981
88.062981
88.062981
88.062981
88.062981
88.062981
88.062981
88.062981
88.062981
88.062981
88.062981
88.062981
88.062981
88.062981
88.062981
88.062981
88.062981
88.062981
88.062981
88.062981
88.062981
88.062981
88.062981
88.062981
88.062981
88.062981
88.062981
88.062981
88.062981
88.062981
88.062981
88.062981
88.062981
88.062981
88.062981
88.062981
88.062981
88.062981
88.062981
88.062981
88.062981
88.062981
88.062981
88.062981
88.062981

