85.567564
85.900189
86.122828
86.392290
86.416594
86.685025
86.784462
86.944457
87.080212
87.179937
87.251408
87.329493
87.382667
87.445294
87.517563
87.584287
87.630054
87.658570
87.676362
87.709136
87.730394
87.777462
87.806149
87.827747
87.861569
87.898767
87.913038
87.923022
87.942999
87.975146
87.985339
87.992855
88.008275
88.013922
88.020568
88.035461
88.040953
88.043867
88.045202
88.059670
88.062527
88.062981
88.062981
88.062981
88.057890
88.062981
88.062981
88.058614
88.062981
88.062981
