85.540868
85.841037
86.127068
86.349590
86.563137
86.703425
86.825008
86.969225
87.132526
87.226996
87.269530
87.319853
87.374331
87.458396
87.495584
87.589990
87.636821
87.674654
87.707739
87.750719
87.785319
87.814289
87.845367
87.857815
87.869875
87.904329
87.964409
87.989569
87.990892
87.991738
87.991738
87.991738
87.991738
87.991738
87.991738
87.991738
87.991738
87.991738
87.991738
87.991995
87.996341
88.014077
88.039470
88.041302
88.045849
88.049400
88.055078
88.061096
88.077620
88.090056
88.110194
88.129427
88.137862
88.143402
88.144264
88.140594
88.144426
88.144426
88.144426
88.144426
88.144426
88.144426
88.144426
88.144426
88.142522
88.138870
88.144066
88.141125
88.138948
88.143907
88.135831
88.143574
88.144708
88.144708
88.145596
88.147817
88.158256
88.166918
88.166918
88.166121
88.164982
88.165583
88.166918
88.163793
88.160112
88.166918
88.160008
88.166918
88.167064
88.167538
88.169799
88.169772
88.169637
88.171812
88.176620
88.178859
88.178859
88.178859
88.175621
88.177564
